bee 0.862415 1 0
bee 0.862415 1 0
bee 0.862415 1 0
bee 0.862415 1 0
bee 0.862415 1 0
bee 0.862415 1 0
bee 0.862415 1 0
bee 0.862415 1 0
bee 0.862415 1 0
bee 0.862415 1 0
bee 0.660513 1 5
bee 0.847899 1 5
bee 0.696953 1 5
bee 0.682192 1 5
bee 0.822858 1 5
bee 0.881032 1 5
bee 0.888643 1 5
bee 0.421665 1 5
bee 0.475313 1 5
bee 0.672823 1 5
bee 0.460248 1 10
bee 0.31316 1 10
bee 0.619946 1 10
bee 0.655416 1 10
bee 0.616647 1 10
bee 0.422956 1 10
bee 0.476133 1 10
bee 0.458094 1 10
bee 0.940388 1 10
bee 0.727676 1 10
bee 0.171593 1 15
bee 0.252868 1 15
bee 0.344163 1 15
bee 0.527316 1 15
bee 0.0342249 1 15
bee 0.0442036 1 15
bee 0.0431803 1 15
bee 0.340078 1 15
bee 0.0686662 1 15
bee 0.0492148 1 15
bee 0.0571754 1 20
bee 0.000901979 1 20
bee 0.113383 1 20
bee 0.0080795 1 20
bee 0.0274609 1 20
bee 0.144724 1 20
bee 0.123701 1 20
bee 0.0185102 1 20
bee 0.0225256 1 20
bee 0.0192797 1 20
bee 0.115913 1 25
bee 0.0102783 1 25
bee 0.0592778 1 25
bee 0.165978 1 25
bee 0.0938427 1 25
bee 0.0421071 1 25
bee 0.0122408 1 25
bee 0.00575359 1 25
bee 0.0129965 1 25
bee 0.124132 1 25
bee 0.00109059 1 30
bee 0.00205685 1 30
bee 0.000882199 1 30
bee 0.263317 1 30
bee 0.0169953 1 30
bee 0.0138171 1 30
bee 0.0104318 1 30
bee 0.0152797 1 30
bee 0.00317562 1 30
bee 0.00580334 1 30
bee 0.00504515 1 35
bee 0.00766643 1 35
bee 0.00838346 1 35
bee 0.0228445 1 35
bee 0.0094111 1 35
bee 4.27911e-05 1 35
bee 0.0075538 1 35
bee 0.00502618 1 35
bee 0.0304035 1 35
bee 0.0031674 1 35
bee 0.00042287 1 40
bee 0.000178649 1 40
bee 7.3043e-05 1 40
bee 0.00130385 1 40
bee 0.000317747 1 40
bee 0.00194006 1 40
bee 0.00500587 1 40
bee 0.000216893 1 40
bee 0.00276852 1 40
bee 3.7412e-06 1 40
bee 0.000388671 1 45
bee 5.17098e-05 1 45
bee 0.00595908 1 45
bee 0.00385187 1 45
bee 3.12823e-05 1 45
bee 0.0122521 1 45
bee 0.0023851 1 45
bee 0.00120442 1 45
bee 2.70725e-05 1 45
bee 0.000914296 1 45
bee 0.00274275 1 50
bee 0.00412763 1 50
bee 0.000203789 1 50
bee 0.00216656 1 50
bee 0.000124017 1 50
bee 0.000223428 1 50
bee 0.000140915 1 50
bee 0.000397397 1 50
bee 0.000695145 1 50
bee 0.00464326 1 50
bee 0.000139315 1 55
bee 0.000512238 1 55
bee 0.00204856 1 55
bee 0.000232153 1 55
bee 0.000143941 1 55
bee 0.000235451 1 55
bee 0.000273389 1 55
bee 0.0240023 1 55
bee 0.000438293 1 55
bee 0.00127332 1 55
bee 0.00326672 1 60
bee 9.37956e-05 1 60
bee 0.000259836 1 60
bee 0.000215867 1 60
bee 0.00265855 1 60
bee 0.000805742 1 60
bee 0.000191244 1 60
bee 0.00127726 1 60
bee 0.000169792 1 60
bee 0.000181742 1 60
bee 0.000904351 1 65
bee 6.139e-05 1 65
bee 1.14308e-05 1 65
bee 8.29201e-05 1 65
bee 4.0148e-05 1 65
bee 0.000125524 1 65
bee 0.00116845 1 65
bee 0.000162183 1 65
bee 0.00105202 1 65
bee 0.000549155 1 65
bee 0.000146691 1 70
bee 0.000232742 1 70
bee 0.00843403 1 70
bee 9.84011e-05 1 70
bee 0.000124871 1 70
bee 0.000104141 1 70
bee 8.87997e-05 1 70
bee 0.000102607 1 70
bee 4.67234e-05 1 70
bee 4.14402e-06 1 70
bee 0.000100449 1 75
bee 0 1 75
bee 0.000157915 1 75
bee 1.72407e-05 1 75
bee 6.99017e-05 1 75
bee 0.000380517 1 75
bee 0.000125391 1 75
bee 0.000308904 1 75
bee 1.78605e-05 1 75
bee 4.9713e-05 1 75
bee 0.000376933 1 80
bee 6.23596e-05 1 80
bee 1.37524e-05 1 80
bee 5.75486e-05 1 80
bee 0.00017073 1 80
bee 1.01848e-05 1 80
bee 7.8491e-06 1 80
bee 0.000291727 1 80
bee 0.00300979 1 80
bee 0.000416305 1 80
bee 0.000197239 1 85
bee 0.000825588 1 85
bee 1.41521e-05 1 85
bee 0.000430089 1 85
bee 1.17371e-05 1 85
bee 5.46792e-05 1 85
bee 4.26738e-05 1 85
bee 0.000273393 1 85
bee 0.00427083 1 85
bee 7.90923e-05 1 85
bee 0.000275283 1 90
bee 0.000165871 1 90
bee 1.29626e-05 1 90
bee 0.000651793 1 90
bee 7.72616e-05 1 90
bee 0.000181925 1 90
bee 0.00105021 1 90
bee 0.00134617 1 90
bee 2.50231e-05 1 90
bee 0.00041056 1 90
bee 0.000303554 1 95
bee 0.00100597 1 95
bee 0.00111588 1 95
bee 0.000135455 1 95
bee 0.00122972 1 95
bee 5.32614e-05 1 95
bee 9.38153e-05 1 95
bee 1.52425e-05 1 95
bee 0.000604812 1 95
bee 0.000184542 1 95
bee 0.00096521 1 100
bee 0.00096521 1 100
bee 0.00096521 1 100
bee 0.00096521 1 100
bee 0.00096521 1 100
bee 0.00096521 1 100
bee 0.00096521 1 100
bee 0.00096521 1 100
bee 0.00096521 1 100
bee 0.00096521 1 100
bee 0.862415 2 0
bee 0.862415 2 0
bee 0.862415 2 0
bee 0.862415 2 0
bee 0.862415 2 0
bee 0.862415 2 0
bee 0.862415 2 0
bee 0.862415 2 0
bee 0.862415 2 0
bee 0.862415 2 0
bee 0.611657 2 5
bee 0.769392 2 5
bee 0.871147 2 5
bee 0.58151 2 5
bee 0.54709 2 5
bee 0.815973 2 5
bee 0.827001 2 5
bee 0.788533 2 5
bee 0.784811 2 5
bee 0.744269 2 5
bee 0.853199 2 10
bee 0.798709 2 10
bee 0.819194 2 10
bee 0.778791 2 10
bee 0.643171 2 10
bee 0.825205 2 10
bee 0.823154 2 10
bee 0.795829 2 10
bee 0.783376 2 10
bee 0.68247 2 10
bee 0.541984 2 15
bee 0.732916 2 15
bee 0.575608 2 15
bee 0.823866 2 15
bee 0.466925 2 15
bee 0.76946 2 15
bee 0.683127 2 15
bee 0.485102 2 15
bee 0.757728 2 15
bee 0.761096 2 15
bee 0.711276 2 20
bee 0.79385 2 20
bee 0.738748 2 20
bee 0.568891 2 20
bee 0.493668 2 20
bee 0.60383 2 20
bee 0.582679 2 20
bee 0.539185 2 20
bee 0.692907 2 20
bee 0.775312 2 20
bee 0.595596 2 25
bee 0.321754 2 25
bee 0.519472 2 25
bee 0.638539 2 25
bee 0.440837 2 25
bee 0.464157 2 25
bee 0.465163 2 25
bee 0.666062 2 25
bee 0.670841 2 25
bee 0.406072 2 25
bee 0.276618 2 30
bee 0.360509 2 30
bee 0.240934 2 30
bee 0.464397 2 30
bee 0.481057 2 30
bee 0.543624 2 30
bee 0.551523 2 30
bee 0.753128 2 30
bee 0.721541 2 30
bee 0.528807 2 30
bee 0.343536 2 35
bee 0.196538 2 35
bee 0.604977 2 35
bee 0.545538 2 35
bee 0.436657 2 35
bee 0.368107 2 35
bee 0.228988 2 35
bee 0.305061 2 35
bee 0.286264 2 35
bee 0.519497 2 35
bee 0.163619 2 40
bee 0.372335 2 40
bee 0.252286 2 40
bee 0.391235 2 40
bee 0.246036 2 40
bee 0.313465 2 40
bee 0.318235 2 40
bee 0.266656 2 40
bee 0.090639 2 40
bee 0.284274 2 40
bee 0.462811 2 45
bee 0.577 2 45
bee 0.197234 2 45
bee 0.27246 2 45
bee 0.0778398 2 45
bee 0.422692 2 45
bee 0.279249 2 45
bee 0.452797 2 45
bee 0.155612 2 45
bee 0.346335 2 45
bee 0.149955 2 50
bee 0.156321 2 50
bee 0.156647 2 50
bee 0.0908087 2 50
bee 0.262033 2 50
bee 0.0864295 2 50
bee 0.223746 2 50
bee 0.151602 2 50
bee 0.142556 2 50
bee 0.455334 2 50
bee 0.095065 2 55
bee 0.0587047 2 55
bee 0.0521424 2 55
bee 0.170387 2 55
bee 0.069801 2 55
bee 0.0586465 2 55
bee 0.0204223 2 55
bee 0.229461 2 55
bee 0.183447 2 55
bee 0.100488 2 55
bee 0.136725 2 60
bee 0.239447 2 60
bee 0.0249422 2 60
bee 0.0340641 2 60
bee 0.119382 2 60
bee 0.0743482 2 60
bee 0.050458 2 60
bee 0.176824 2 60
bee 0.0664839 2 60
bee 0.0453696 2 60
bee 0.050125 2 65
bee 0.0753069 2 65
bee 0.0358519 2 65
bee 0.0210218 2 65
bee 0.00909584 2 65
bee 0.0255324 2 65
bee 0.01462 2 65
bee 0.0340634 2 65
bee 0.0271278 2 65
bee 0.0233357 2 65
bee 0.00916227 2 70
bee 0.00776428 2 70
bee 0.0145591 2 70
bee 0.0132584 2 70
bee 0.0268195 2 70
bee 0.0243732 2 70
bee 0.0445635 2 70
bee 0.0282092 2 70
bee 0.0137484 2 70
bee 0.0211752 2 70
bee 0.00455234 2 75
bee 0.0147138 2 75
bee 0.00562911 2 75
bee 0.00406309 2 75
bee 0.00548372 2 75
bee 0.00182962 2 75
bee 0.00769892 2 75
bee 0.00829797 2 75
bee 0.00485669 2 75
bee 0.002902 2 75
bee 0.0025383 2 80
bee 0.00150398 2 80
bee 0.00198215 2 80
bee 0.00354648 2 80
bee 0.0120538 2 80
bee 0.0051599 2 80
bee 0.00345435 2 80
bee 0.0201298 2 80
bee 0.00335799 2 80
bee 0.00822533 2 80
bee 0.000950051 2 85
bee 0.00113453 2 85
bee 0.00163033 2 85
bee 0.00117634 2 85
bee 0.000966055 2 85
bee 0.00122978 2 85
bee 0.00158546 2 85
bee 0.00119396 2 85
bee 0.0015378 2 85
bee 0.00205281 2 85
bee 0.00096521 2 90
bee 0.00160312 2 90
bee 0.00096521 2 90
bee 0.00125482 2 90
bee 0.00151383 2 90
bee 0.00175951 2 90
bee 0.00277552 2 90
bee 0.0027159 2 90
bee 0.0012876 2 90
bee 0.000965459 2 90
bee 0.00096521 2 95
bee 0.00096521 2 95
bee 0.00096521 2 95
bee 0.000945463 2 95
bee 0.00096521 2 95
bee 0.00096521 2 95
bee 0.00096521 2 95
bee 0.00096521 2 95
bee 0.00096521 2 95
bee 0.00096521 2 95
bee 5.46898e-07 2 100
bee 5.46898e-07 2 100
bee 5.46898e-07 2 100
bee 5.46898e-07 2 100
bee 5.46898e-07 2 100
bee 5.46898e-07 2 100
bee 5.46898e-07 2 100
bee 5.46898e-07 2 100
bee 5.46898e-07 2 100
bee 5.46898e-07 2 100
bee 0.862415 3 0
bee 0.862415 3 0
bee 0.862415 3 0
bee 0.862415 3 0
bee 0.862415 3 0
bee 0.862415 3 0
bee 0.862415 3 0
bee 0.862415 3 0
bee 0.862415 3 0
bee 0.862415 3 0
bee 0.880035 3 5
bee 0.904058 3 5
bee 0.820426 3 5
bee 0.868715 3 5
bee 0.847353 3 5
bee 0.769084 3 5
bee 0.83406 3 5
bee 0.846468 3 5
bee 0.876355 3 5
bee 0.827309 3 5
bee 0.856174 3 10
bee 0.844759 3 10
bee 0.83027 3 10
bee 0.864703 3 10
bee 0.586746 3 10
bee 0.828589 3 10
bee 0.618436 3 10
bee 0.869016 3 10
bee 0.858976 3 10
bee 0.942131 3 10
bee 0.95017 3 15
bee 0.884084 3 15
bee 0.859905 3 15
bee 0.855076 3 15
bee 0.90001 3 15
bee 0.744413 3 15
bee 0.96096 3 15
bee 0.837702 3 15
bee 0.846823 3 15
bee 0.725812 3 15
bee 0.854745 3 20
bee 0.90297 3 20
bee 0.856458 3 20
bee 0.805564 3 20
bee 0.926358 3 20
bee 0.926298 3 20
bee 0.896932 3 20
bee 0.81639 3 20
bee 0.449005 3 20
bee 0.897118 3 20
bee 0.404828 3 25
bee 0.903665 3 25
bee 0.707585 3 25
bee 0.777278 3 25
bee 0.96001 3 25
bee 0.974815 3 25
bee 0.878374 3 25
bee 0.733451 3 25
bee 0.899488 3 25
bee 0.780421 3 25
bee 0.82715 3 30
bee 0.594408 3 30
bee 0.781924 3 30
bee 0.84747 3 30
bee 0.847664 3 30
bee 0.841914 3 30
bee 0.838848 3 30
bee 0.795792 3 30
bee 0.799236 3 30
bee 0.834626 3 30
bee 0.629557 3 35
bee 0.8343 3 35
bee 0.641062 3 35
bee 0.980061 3 35
bee 0.952966 3 35
bee 0.835936 3 35
bee 0.915222 3 35
bee 0.872539 3 35
bee 0.82758 3 35
bee 0.672331 3 35
bee 0.877567 3 40
bee 0.777201 3 40
bee 0.766519 3 40
bee 0.793436 3 40
bee 0.90246 3 40
bee 0.779913 3 40
bee 0.712746 3 40
bee 0.618499 3 40
bee 0.87469 3 40
bee 0.815517 3 40
bee 0.449877 3 45
bee 0.878098 3 45
bee 0.87856 3 45
bee 0.715854 3 45
bee 0.660661 3 45
bee 0.909134 3 45
bee 0.837228 3 45
bee 0.557105 3 45
bee 0.625313 3 45
bee 0.958176 3 45
bee 0.823916 3 50
bee 0.930842 3 50
bee 0.355069 3 50
bee 0.725818 3 50
bee 0.102065 3 50
bee 0.175132 3 50
bee 0.668614 3 50
bee 0.75792 3 50
bee 0.771071 3 50
bee 0.274926 3 50
bee 0.71684 3 55
bee 0.780317 3 55
bee 0.3507 3 55
bee 0.278199 3 55
bee 0.00557831 3 55
bee 0.730725 3 55
bee 0.721934 3 55
bee 0.580756 3 55
bee 0.0284766 3 55
bee 0.897368 3 55
bee 8.72852e-07 3 60
bee 0.269701 3 60
bee 0.0128993 3 60
bee 0.266405 3 60
bee 0.00854605 3 60
bee 0.0631348 3 60
bee 0.0107946 3 60
bee 0.0698745 3 60
bee 0.00166935 3 60
bee 0.531808 3 60
bee 2.73116e-05 3 65
bee 0.229132 3 65
bee 0.0254406 3 65
bee 1.58458e-06 3 65
bee 0.00192875 3 65
bee 0.00379477 3 65
bee 1.20468e-05 3 65
bee 1.0808e-05 3 65
bee 1.57051e-05 3 65
bee 2.53507e-05 3 65
bee 8.39695e-07 3 70
bee 5.46898e-07 3 70
bee 8.32027e-07 3 70
bee 5.46898e-07 3 70
bee 1.37187e-06 3 70
bee 5.46898e-07 3 70
bee 6.72112e-07 3 70
bee 6.53451e-07 3 70
bee 1.92389e-06 3 70
bee 0.00677085 3 70
bee 6.00547e-07 3 75
bee 5.46898e-07 3 75
bee 7.09751e-07 3 75
bee 5.46898e-07 3 75
bee 1.2069e-06 3 75
bee 5.46898e-07 3 75
bee 5.46898e-07 3 75
bee 6.1684e-07 3 75
bee 5.46898e-07 3 75
bee 5.46898e-07 3 75
bee 5.46898e-07 3 80
bee 5.46898e-07 3 80
bee 5.46898e-07 3 80
bee 5.46898e-07 3 80
bee 5.46898e-07 3 80
bee 5.46898e-07 3 80
bee 5.46898e-07 3 80
bee 5.46898e-07 3 80
bee 5.46898e-07 3 80
bee 5.46898e-07 3 80
bee 5.46898e-07 3 85
bee 5.46898e-07 3 85
bee 5.46898e-07 3 85
bee 5.46898e-07 3 85
bee 5.46898e-07 3 85
bee 5.46898e-07 3 85
bee 5.46898e-07 3 85
bee 5.46898e-07 3 85
bee 5.46898e-07 3 85
bee 5.46898e-07 3 85
bee 5.46898e-07 3 90
bee 5.46898e-07 3 90
bee 5.46898e-07 3 90
bee 5.46898e-07 3 90
bee 5.46898e-07 3 90
bee 5.46898e-07 3 90
bee 5.46898e-07 3 90
bee 5.46898e-07 3 90
bee 5.46898e-07 3 90
bee 5.46898e-07 3 90
bee 5.46898e-07 3 95
bee 5.46898e-07 3 95
bee 5.46898e-07 3 95
bee 5.46898e-07 3 95
bee 5.46898e-07 3 95
bee 5.46898e-07 3 95
bee 5.46898e-07 3 95
bee 5.46898e-07 3 95
bee 5.46898e-07 3 95
bee 5.46898e-07 3 95
bee 0.00096521 3 100
bee 0.00096521 3 100
bee 0.00096521 3 100
bee 0.00096521 3 100
bee 0.00096521 3 100
bee 0.00096521 3 100
bee 0.00096521 3 100
bee 0.00096521 3 100
bee 0.00096521 3 100
bee 0.00096521 3 100
bee 0.862415 4 0
bee 0.862415 4 0
bee 0.862415 4 0
bee 0.862415 4 0
bee 0.862415 4 0
bee 0.862415 4 0
bee 0.862415 4 0
bee 0.862415 4 0
bee 0.862415 4 0
bee 0.862415 4 0
bee 0.830061 4 5
bee 0.787294 4 5
bee 0.817335 4 5
bee 0.853461 4 5
bee 0.789449 4 5
bee 0.799081 4 5
bee 0.831778 4 5
bee 0.891383 4 5
bee 0.857226 4 5
bee 0.850692 4 5
bee 0.733669 4 10
bee 0.792438 4 10
bee 0.764576 4 10
bee 0.838056 4 10
bee 0.817564 4 10
bee 0.774784 4 10
bee 0.699483 4 10
bee 0.831361 4 10
bee 0.679156 4 10
bee 0.626116 4 10
bee 0.827361 4 15
bee 0.669876 4 15
bee 0.636647 4 15
bee 0.636323 4 15
bee 0.735756 4 15
bee 0.772834 4 15
bee 0.652526 4 15
bee 0.725139 4 15
bee 0.676613 4 15
bee 0.71399 4 15
bee 0.743064 4 20
bee 0.759124 4 20
bee 0.837262 4 20
bee 0.665478 4 20
bee 0.70026 4 20
bee 0.813067 4 20
bee 0.77144 4 20
bee 0.654907 4 20
bee 0.584412 4 20
bee 0.673017 4 20
bee 0.754871 4 25
bee 0.55216 4 25
bee 0.650458 4 25
bee 0.739632 4 25
bee 0.638495 4 25
bee 0.64843 4 25
bee 0.403091 4 25
bee 0.439846 4 25
bee 0.774878 4 25
bee 0.60276 4 25
bee 0.455967 4 30
bee 0.633613 4 30
bee 0.652956 4 30
bee 0.359859 4 30
bee 0.480576 4 30
bee 0.456552 4 30
bee 0.546554 4 30
bee 0.711633 4 30
bee 0.501111 4 30
bee 0.496399 4 30
bee 0.243606 4 35
bee 0.23449 4 35
bee 0.536722 4 35
bee 0.282963 4 35
bee 0.428465 4 35
bee 0.377404 4 35
bee 0.34403 4 35
bee 0.464344 4 35
bee 0.66354 4 35
bee 0.549059 4 35
bee 0.220323 4 40
bee 0.35607 4 40
bee 0.372197 4 40
bee 0.460612 4 40
bee 0.275996 4 40
bee 0.414538 4 40
bee 0.304361 4 40
bee 0.27759 4 40
bee 0.497741 4 40
bee 0.611054 4 40
bee 0.310758 4 45
bee 0.206221 4 45
bee 0.141378 4 45
bee 0.352076 4 45
bee 0.299482 4 45
bee 0.311699 4 45
bee 0.327691 4 45
bee 0.194926 4 45
bee 0.208068 4 45
bee 0.342625 4 45
bee 0.138288 4 50
bee 0.15602 4 50
bee 0.144321 4 50
bee 0.0747599 4 50
bee 0.405697 4 50
bee 0.441357 4 50
bee 0.281204 4 50
bee 0.17813 4 50
bee 0.345665 4 50
bee 0.173834 4 50
bee 0.0732998 4 55
bee 0.0823162 4 55
bee 0.113101 4 55
bee 0.0848593 4 55
bee 0.079226 4 55
bee 0.122731 4 55
bee 0.0900938 4 55
bee 0.105086 4 55
bee 0.0557945 4 55
bee 0.0617872 4 55
bee 0.0264231 4 60
bee 0.0378748 4 60
bee 0.0709639 4 60
bee 0.013252 4 60
bee 0.0249275 4 60
bee 0.0215922 4 60
bee 0.0380227 4 60
bee 0.0271089 4 60
bee 0.0120442 4 60
bee 0.0185915 4 60
bee 0.00702869 4 65
bee 0.00433727 4 65
bee 0.00902872 4 65
bee 0.00761638 4 65
bee 0.00748466 4 65
bee 0.00310918 4 65
bee 0.00645182 4 65
bee 0.0142561 4 65
bee 0.00650742 4 65
bee 0.00278131 4 65
bee 0.00116267 4 70
bee 0.00107382 4 70
bee 0.00168919 4 70
bee 0.00195931 4 70
bee 0.00152279 4 70
bee 0.00112161 4 70
bee 0.00129662 4 70
bee 0.00100233 4 70
bee 0.00246148 4 70
bee 0.00201503 4 70
bee 0.00096521 4 75
bee 0.00126007 4 75
bee 0.00096521 4 75
bee 0.000997872 4 75
bee 0.00096521 4 75
bee 0.00100987 4 75
bee 0.000965962 4 75
bee 0.00096521 4 75
bee 0.000973867 4 75
bee 0.00100005 4 75
bee 0.00096521 4 80
bee 0.00096521 4 80
bee 0.00096521 4 80
bee 0.00096521 4 80
bee 0.00096521 4 80
bee 0.00096521 4 80
bee 0.00096521 4 80
bee 0.00096521 4 80
bee 0.00096521 4 80
bee 0.00096521 4 80
bee 0.00096521 4 85
bee 0.00096521 4 85
bee 0.00096521 4 85
bee 0.00096521 4 85
bee 0.00096521 4 85
bee 0.00096521 4 85
bee 0.00096521 4 85
bee 0.00096521 4 85
bee 0.00096521 4 85
bee 0.00096521 4 85
bee 0.00096521 4 90
bee 0.00096521 4 90
bee 0.00096521 4 90
bee 0.00096521 4 90
bee 0.00096521 4 90
bee 0.00096521 4 90
bee 0.00096521 4 90
bee 0.00096521 4 90
bee 0.00096521 4 90
bee 0.00096521 4 90
bee 0.00096521 4 95
bee 0.00096521 4 95
bee 0.00096521 4 95
bee 0.00096521 4 95
bee 0.00096521 4 95
bee 0.00096521 4 95
bee 0.00096521 4 95
bee 0.00096521 4 95
bee 0.00096521 4 95
bee 0.00096521 4 95
bee 5.46898e-07 4 100
bee 5.46898e-07 4 100
bee 5.46898e-07 4 100
bee 5.46898e-07 4 100
bee 5.46898e-07 4 100
bee 5.46898e-07 4 100
bee 5.46898e-07 4 100
bee 5.46898e-07 4 100
bee 5.46898e-07 4 100
bee 5.46898e-07 4 100
bee 0.862415 5 0
bee 0.862415 5 0
bee 0.862415 5 0
bee 0.862415 5 0
bee 0.862415 5 0
bee 0.862415 5 0
bee 0.862415 5 0
bee 0.862415 5 0
bee 0.862415 5 0
bee 0.862415 5 0
bee 0.869105 5 5
bee 0.871146 5 5
bee 0.822592 5 5
bee 0.874319 5 5
bee 0.855882 5 5
bee 0.77856 5 5
bee 0.870128 5 5
bee 0.846821 5 5
bee 0.859539 5 5
bee 0.874276 5 5
bee 0.917589 5 10
bee 0.860983 5 10
bee 0.840918 5 10
bee 0.841644 5 10
bee 0.874163 5 10
bee 0.884877 5 10
bee 0.834076 5 10
bee 0.776387 5 10
bee 0.898623 5 10
bee 0.768065 5 10
bee 0.911398 5 15
bee 0.805133 5 15
bee 0.868787 5 15
bee 0.716706 5 15
bee 0.831103 5 15
bee 0.901358 5 15
bee 0.910162 5 15
bee 0.752919 5 15
bee 0.867266 5 15
bee 0.8677 5 15
bee 0.882845 5 20
bee 0.753885 5 20
bee 0.900012 5 20
bee 0.913475 5 20
bee 0.776171 5 20
bee 0.820112 5 20
bee 0.726466 5 20
bee 0.811182 5 20
bee 0.671014 5 20
bee 0.780463 5 20
bee 0.647331 5 25
bee 0.955882 5 25
bee 0.847692 5 25
bee 0.892737 5 25
bee 0.867271 5 25
bee 0.917686 5 25
bee 0.940731 5 25
bee 0.845293 5 25
bee 0.871356 5 25
bee 0.740002 5 25
bee 0.756957 5 30
bee 0.784895 5 30
bee 0.938197 5 30
bee 0.841499 5 30
bee 0.86571 5 30
bee 0.912821 5 30
bee 0.870723 5 30
bee 0.838828 5 30
bee 0.808109 5 30
bee 0.906471 5 30
bee 0.695261 5 35
bee 0.872707 5 35
bee 0.887914 5 35
bee 0.885623 5 35
bee 0.77946 5 35
bee 0.765844 5 35
bee 0.927548 5 35
bee 0.947502 5 35
bee 0.87545 5 35
bee 0.944844 5 35
bee 0.889638 5 40
bee 0.851818 5 40
bee 0.850387 5 40
bee 0.905914 5 40
bee 0.826845 5 40
bee 0.825915 5 40
bee 0.890079 5 40
bee 0.859169 5 40
bee 0.878634 5 40
bee 0.946372 5 40
bee 0.854291 5 45
bee 0.901729 5 45
bee 0.860106 5 45
bee 0.826018 5 45
bee 0.855078 5 45
bee 0.872775 5 45
bee 0.883218 5 45
bee 0.924569 5 45
bee 0.736965 5 45
bee 0.731596 5 45
bee 0.903675 5 50
bee 0.874597 5 50
bee 0.795019 5 50
bee 0.842702 5 50
bee 0.910541 5 50
bee 0.904968 5 50
bee 0.810073 5 50
bee 0.895518 5 50
bee 0.941206 5 50
bee 0.84181 5 50
bee 0.870076 5 55
bee 0.92432 5 55
bee 0.932555 5 55
bee 0.719866 5 55
bee 0.895816 5 55
bee 0.816601 5 55
bee 0.551994 5 55
bee 0.882214 5 55
bee 0.832809 5 55
bee 0.964617 5 55
bee 0.776148 5 60
bee 0.830341 5 60
bee 0.919197 5 60
bee 0.948985 5 60
bee 0.858925 5 60
bee 0.945515 5 60
bee 0.85628 5 60
bee 0.701497 5 60
bee 0.684573 5 60
bee 0.947791 5 60
bee 0.90251 5 65
bee 0.795496 5 65
bee 0.908896 5 65
bee 0.8118 5 65
bee 0.796345 5 65
bee 0.849414 5 65
bee 0.743221 5 65
bee 0.746764 5 65
bee 0.912685 5 65
bee 0.745328 5 65
bee 0.596149 5 70
bee 0.502589 5 70
bee 0.771707 5 70
bee 0.748987 5 70
bee 0.390136 5 70
bee 0.528423 5 70
bee 0.433116 5 70
bee 0.173812 5 70
bee 0.36836 5 70
bee 0.752739 5 70
bee 0.00933528 5 75
bee 0.0107006 5 75
bee 0.0749895 5 75
bee 0.000117051 5 75
bee 0.00537578 5 75
bee 0.218856 5 75
bee 0.00201843 5 75
bee 0.0207127 5 75
bee 0.0150415 5 75
bee 0.00197709 5 75
bee 5.93362e-06 5 80
bee 4.87516e-05 5 80
bee 2.9675e-05 5 80
bee 1.04715e-06 5 80
bee 1.72683e-06 5 80
bee 8.41264e-07 5 80
bee 8.07764e-07 5 80
bee 2.57557e-06 5 80
bee 2.44807e-06 5 80
bee 2.33833e-05 5 80
bee 5.48393e-07 5 85
bee 5.64964e-07 5 85
bee 5.46898e-07 5 85
bee 5.46898e-07 5 85
bee 9.32692e-07 5 85
bee 5.94014e-07 5 85
bee 7.10706e-07 5 85
bee 6.02019e-07 5 85
bee 5.46898e-07 5 85
bee 7.03272e-07 5 85
bee 5.46898e-07 5 90
bee 5.46898e-07 5 90
bee 5.46898e-07 5 90
bee 5.46898e-07 5 90
bee 5.46898e-07 5 90
bee 5.46898e-07 5 90
bee 5.46898e-07 5 90
bee 5.46898e-07 5 90
bee 5.46898e-07 5 90
bee 5.46898e-07 5 90
bee 5.46898e-07 5 95
bee 5.46898e-07 5 95
bee 5.46898e-07 5 95
bee 5.46898e-07 5 95
bee 5.46898e-07 5 95
bee 5.46898e-07 5 95
bee 5.46898e-07 5 95
bee 5.46898e-07 5 95
bee 5.46898e-07 5 95
bee 5.46898e-07 5 95
bee 0.00096521 5 100
bee 0.00096521 5 100
bee 0.00096521 5 100
bee 0.00096521 5 100
bee 0.00096521 5 100
bee 0.00096521 5 100
bee 0.00096521 5 100
bee 0.00096521 5 100
bee 0.00096521 5 100
bee 0.00096521 5 100
bee 0.862415 6 0
bee 0.862415 6 0
bee 0.862415 6 0
bee 0.862415 6 0
bee 0.862415 6 0
bee 0.862415 6 0
bee 0.862415 6 0
bee 0.862415 6 0
bee 0.862415 6 0
bee 0.862415 6 0
bee 0.867973 6 5
bee 0.835501 6 5
bee 0.823939 6 5
bee 0.81675 6 5
bee 0.863754 6 5
bee 0.848916 6 5
bee 0.841586 6 5
bee 0.846309 6 5
bee 0.829897 6 5
bee 0.876402 6 5
bee 0.859479 6 10
bee 0.830074 6 10
bee 0.824089 6 10
bee 0.82878 6 10
bee 0.806413 6 10
bee 0.849922 6 10
bee 0.821865 6 10
bee 0.80726 6 10
bee 0.737237 6 10
bee 0.80064 6 10
bee 0.786685 6 15
bee 0.805151 6 15
bee 0.773926 6 15
bee 0.803126 6 15
bee 0.79683 6 15
bee 0.790755 6 15
bee 0.76771 6 15
bee 0.715472 6 15
bee 0.69758 6 15
bee 0.811885 6 15
bee 0.78443 6 20
bee 0.657299 6 20
bee 0.663653 6 20
bee 0.607596 6 20
bee 0.742693 6 20
bee 0.672734 6 20
bee 0.700051 6 20
bee 0.761802 6 20
bee 0.714652 6 20
bee 0.714172 6 20
bee 0.670981 6 25
bee 0.727238 6 25
bee 0.679464 6 25
bee 0.732153 6 25
bee 0.788598 6 25
bee 0.706723 6 25
bee 0.701529 6 25
bee 0.639358 6 25
bee 0.718846 6 25
bee 0.631069 6 25
bee 0.669112 6 30
bee 0.706872 6 30
bee 0.57129 6 30
bee 0.603055 6 30
bee 0.619674 6 30
bee 0.407708 6 30
bee 0.597601 6 30
bee 0.618464 6 30
bee 0.627814 6 30
bee 0.693975 6 30
bee 0.477347 6 35
bee 0.619115 6 35
bee 0.614076 6 35
bee 0.687769 6 35
bee 0.512398 6 35
bee 0.471981 6 35
bee 0.53219 6 35
bee 0.504862 6 35
bee 0.629651 6 35
bee 0.585185 6 35
bee 0.568574 6 40
bee 0.672073 6 40
bee 0.537432 6 40
bee 0.721388 6 40
bee 0.486518 6 40
bee 0.578626 6 40
bee 0.5291 6 40
bee 0.668888 6 40
bee 0.511033 6 40
bee 0.571674 6 40
bee 0.498626 6 45
bee 0.491876 6 45
bee 0.440236 6 45
bee 0.530548 6 45
bee 0.483533 6 45
bee 0.556008 6 45
bee 0.489486 6 45
bee 0.579305 6 45
bee 0.664551 6 45
bee 0.599172 6 45
bee 0.424222 6 50
bee 0.366557 6 50
bee 0.333887 6 50
bee 0.339445 6 50
bee 0.360438 6 50
bee 0.459785 6 50
bee 0.421209 6 50
bee 0.437193 6 50
bee 0.398652 6 50
bee 0.366568 6 50
bee 0.267732 6 55
bee 0.36304 6 55
bee 0.493156 6 55
bee 0.37081 6 55
bee 0.421949 6 55
bee 0.375319 6 55
bee 0.314012 6 55
bee 0.411511 6 55
bee 0.489717 6 55
bee 0.269248 6 55
bee 0.264223 6 60
bee 0.305911 6 60
bee 0.277593 6 60
bee 0.326432 6 60
bee 0.298341 6 60
bee 0.360293 6 60
bee 0.359674 6 60
bee 0.176398 6 60
bee 0.218661 6 60
bee 0.29993 6 60
bee 0.301573 6 65
bee 0.169759 6 65
bee 0.308707 6 65
bee 0.153529 6 65
bee 0.155487 6 65
bee 0.17098 6 65
bee 0.146138 6 65
bee 0.163217 6 65
bee 0.154868 6 65
bee 0.272959 6 65
bee 0.0997715 6 70
bee 0.133187 6 70
bee 0.066897 6 70
bee 0.105719 6 70
bee 0.128121 6 70
bee 0.156957 6 70
bee 0.108423 6 70
bee 0.237225 6 70
bee 0.247283 6 70
bee 0.111581 6 70
bee 0.0690818 6 75
bee 0.0611946 6 75
bee 0.0729749 6 75
bee 0.0914205 6 75
bee 0.101423 6 75
bee 0.0605742 6 75
bee 0.0801401 6 75
bee 0.062376 6 75
bee 0.0889196 6 75
bee 0.0573591 6 75
bee 0.0281307 6 80
bee 0.0180649 6 80
bee 0.0294604 6 80
bee 0.0302714 6 80
bee 0.0358635 6 80
bee 0.0297844 6 80
bee 0.0234869 6 80
bee 0.0407104 6 80
bee 0.0399892 6 80
bee 0.0303751 6 80
bee 0.0132042 6 85
bee 0.0105556 6 85
bee 0.0161677 6 85
bee 0.0096126 6 85
bee 0.00918952 6 85
bee 0.00568403 6 85
bee 0.00591331 6 85
bee 0.0166648 6 85
bee 0.00770935 6 85
bee 0.0134491 6 85
bee 0.00370525 6 90
bee 0.0060096 6 90
bee 0.00266651 6 90
bee 0.00291558 6 90
bee 0.00259742 6 90
bee 0.00431042 6 90
bee 0.00468001 6 90
bee 0.00510643 6 90
bee 0.00272744 6 90
bee 0.00321379 6 90
bee 0.0015041 6 95
bee 0.00120266 6 95
bee 0.00137856 6 95
bee 0.00132525 6 95
bee 0.00126182 6 95
bee 0.00153262 6 95
bee 0.00129038 6 95
bee 0.00173251 6 95
bee 0.00136789 6 95
bee 0.00173474 6 95
bee 5.46898e-07 6 100
bee 5.46898e-07 6 100
bee 5.46898e-07 6 100
bee 5.46898e-07 6 100
bee 5.46898e-07 6 100
bee 5.46898e-07 6 100
bee 5.46898e-07 6 100
bee 5.46898e-07 6 100
bee 5.46898e-07 6 100
bee 5.46898e-07 6 100
bee 0.862415 7 0
bee 0.862415 7 0
bee 0.862415 7 0
bee 0.862415 7 0
bee 0.862415 7 0
bee 0.862415 7 0
bee 0.862415 7 0
bee 0.862415 7 0
bee 0.862415 7 0
bee 0.862415 7 0
bee 0.840078 7 5
bee 0.831335 7 5
bee 0.851897 7 5
bee 0.86331 7 5
bee 0.86794 7 5
bee 0.87978 7 5
bee 0.8683 7 5
bee 0.851883 7 5
bee 0.854291 7 5
bee 0.856828 7 5
bee 0.868158 7 10
bee 0.86473 7 10
bee 0.834501 7 10
bee 0.904313 7 10
bee 0.883498 7 10
bee 0.826359 7 10
bee 0.833211 7 10
bee 0.844828 7 10
bee 0.873556 7 10
bee 0.830409 7 10
bee 0.818616 7 15
bee 0.887969 7 15
bee 0.841663 7 15
bee 0.79068 7 15
bee 0.848571 7 15
bee 0.831608 7 15
bee 0.846145 7 15
bee 0.834647 7 15
bee 0.825407 7 15
bee 0.846677 7 15
bee 0.80732 7 20
bee 0.830932 7 20
bee 0.876468 7 20
bee 0.86917 7 20
bee 0.831217 7 20
bee 0.855097 7 20
bee 0.784826 7 20
bee 0.802476 7 20
bee 0.847823 7 20
bee 0.859399 7 20
bee 0.850169 7 25
bee 0.774765 7 25
bee 0.860162 7 25
bee 0.86122 7 25
bee 0.737878 7 25
bee 0.837965 7 25
bee 0.891029 7 25
bee 0.805754 7 25
bee 0.840146 7 25
bee 0.78795 7 25
bee 0.808306 7 30
bee 0.736339 7 30
bee 0.836163 7 30
bee 0.802323 7 30
bee 0.814986 7 30
bee 0.805419 7 30
bee 0.804314 7 30
bee 0.698827 7 30
bee 0.780006 7 30
bee 0.775978 7 30
bee 0.881379 7 35
bee 0.708685 7 35
bee 0.831338 7 35
bee 0.750354 7 35
bee 0.80698 7 35
bee 0.85812 7 35
bee 0.841745 7 35
bee 0.789695 7 35
bee 0.807819 7 35
bee 0.769921 7 35
bee 0.760722 7 40
bee 0.745244 7 40
bee 0.756985 7 40
bee 0.813432 7 40
bee 0.720355 7 40
bee 0.800181 7 40
bee 0.874336 7 40
bee 0.820663 7 40
bee 0.714543 7 40
bee 0.704332 7 40
bee 0.679776 7 45
bee 0.799182 7 45
bee 0.86779 7 45
bee 0.727914 7 45
bee 0.732764 7 45
bee 0.77242 7 45
bee 0.7184 7 45
bee 0.736164 7 45
bee 0.690864 7 45
bee 0.721847 7 45
bee 0.837534 7 50
bee 0.724188 7 50
bee 0.84765 7 50
bee 0.6571 7 50
bee 0.717793 7 50
bee 0.703756 7 50
bee 0.657156 7 50
bee 0.720431 7 50
bee 0.772293 7 50
bee 0.686657 7 50
bee 0.698756 7 55
bee 0.624122 7 55
bee 0.690191 7 55
bee 0.5624 7 55
bee 0.610551 7 55
bee 0.792771 7 55
bee 0.749421 7 55
bee 0.7835 7 55
bee 0.392119 7 55
bee 0.79018 7 55
bee 0.609055 7 60
bee 0.537642 7 60
bee 0.805164 7 60
bee 0.626689 7 60
bee 0.587386 7 60
bee 0.547848 7 60
bee 0.626414 7 60
bee 0.554964 7 60
bee 0.695755 7 60
bee 0.531379 7 60
bee 0.637019 7 65
bee 0.540141 7 65
bee 0.498406 7 65
bee 0.489112 7 65
bee 0.575992 7 65
bee 0.500898 7 65
bee 0.557605 7 65
bee 0.499721 7 65
bee 0.710528 7 65
bee 0.535597 7 65
bee 0.523615 7 70
bee 0.619786 7 70
bee 0.494251 7 70
bee 0.622761 7 70
bee 0.500473 7 70
bee 0.490265 7 70
bee 0.381038 7 70
bee 0.362013 7 70
bee 0.452912 7 70
bee 0.406268 7 70
bee 0.418648 7 75
bee 0.439641 7 75
bee 0.429922 7 75
bee 0.419617 7 75
bee 0.477589 7 75
bee 0.427392 7 75
bee 0.427732 7 75
bee 0.470679 7 75
bee 0.397212 7 75
bee 0.372411 7 75
bee 0.379763 7 80
bee 0.252825 7 80
bee 0.412188 7 80
bee 0.244395 7 80
bee 0.250961 7 80
bee 0.269292 7 80
bee 0.423372 7 80
bee 0.312701 7 80
bee 0.273561 7 80
bee 0.304812 7 80
bee 0.131669 7 85
bee 0.142341 7 85
bee 0.0883716 7 85
bee 0.0947659 7 85
bee 0.10259 7 85
bee 0.193081 7 85
bee 0.147619 7 85
bee 0.127721 7 85
bee 0.0927823 7 85
bee 0.116944 7 85
bee 0.0445138 7 90
bee 0.0280129 7 90
bee 0.0330932 7 90
bee 0.0313464 7 90
bee 0.0212893 7 90
bee 0.0272393 7 90
bee 0.0370915 7 90
bee 0.0390459 7 90
bee 0.0483883 7 90
bee 0.0306873 7 90
bee 0.00680914 7 95
bee 0.00716822 7 95
bee 0.0050216 7 95
bee 0.00569262 7 95
bee 0.00688089 7 95
bee 0.00681012 7 95
bee 0.00742425 7 95
bee 0.0041848 7 95
bee 0.00683495 7 95
bee 0.0086444 7 95
bee 0.00096521 7 100
bee 0.00096521 7 100
bee 0.00096521 7 100
bee 0.00096521 7 100
bee 0.00096521 7 100
bee 0.00096521 7 100
bee 0.00096519 7 100
bee 0.00096521 7 100
bee 0.00096521 7 100
bee 0.00096521 7 100
bee 0.862415 8 0
bee 0.862415 8 0
bee 0.862415 8 0
bee 0.862415 8 0
bee 0.862415 8 0
bee 0.862415 8 0
bee 0.862415 8 0
bee 0.862415 8 0
bee 0.862415 8 0
bee 0.862415 8 0
bee 0.927893 8 5
bee 0.816885 8 5
bee 0.659185 8 5
bee 0.778012 8 5
bee 0.847631 8 5
bee 0.867606 8 5
bee 0.866181 8 5
bee 0.797781 8 5
bee 0.886089 8 5
bee 0.807213 8 5
bee 0.721219 8 10
bee 0.597288 8 10
bee 0.895683 8 10
bee 0.701401 8 10
bee 0.819421 8 10
bee 0.747131 8 10
bee 0.88137 8 10
bee 0.800261 8 10
bee 0.87425 8 10
bee 0.87948 8 10
bee 0.800397 8 15
bee 0.70648 8 15
bee 0.818855 8 15
bee 0.330359 8 15
bee 0.680194 8 15
bee 0.919569 8 15
bee 0.728761 8 15
bee 0.59512 8 15
bee 0.86098 8 15
bee 0.417125 8 15
bee 0.783233 8 20
bee 0.847113 8 20
bee 0.943885 8 20
bee 0.711132 8 20
bee 0.535188 8 20
bee 0.728955 8 20
bee 0.763768 8 20
bee 0.688187 8 20
bee 0.840426 8 20
bee 0.734388 8 20
bee 0.746439 8 25
bee 0.743376 8 25
bee 0.639651 8 25
bee 0.619883 8 25
bee 0.943883 8 25
bee 0.375521 8 25
bee 0.317893 8 25
bee 0.464758 8 25
bee 0.706904 8 25
bee 0.676899 8 25
bee 0.137671 8 30
bee 0.499938 8 30
bee 0.815017 8 30
bee 0.762881 8 30
bee 0.490005 8 30
bee 0.600444 8 30
bee 0.245893 8 30
bee 0.818218 8 30
bee 0.698351 8 30
bee 0.39498 8 30
bee 0.745913 8 35
bee 0.78866 8 35
bee 0.486967 8 35
bee 0.571812 8 35
bee 0.58878 8 35
bee 0.678277 8 35
bee 0.0747049 8 35
bee 0.717303 8 35
bee 0.929001 8 35
bee 0.285612 8 35
bee 0.625655 8 40
bee 0.396792 8 40
bee 0.607788 8 40
bee 0.225724 8 40
bee 0.761774 8 40
bee 0.622306 8 40
bee 0.406537 8 40
bee 0.117842 8 40
bee 0.452875 8 40
bee 0.313531 8 40
bee 0.240661 8 45
bee 0.562078 8 45
bee 0.344671 8 45
bee 0.591391 8 45
bee 0.314083 8 45
bee 0.474368 8 45
bee 0.106283 8 45
bee 0.278039 8 45
bee 0.17563 8 45
bee 0.131538 8 45
bee 0.381021 8 50
bee 0.254168 8 50
bee 0.267816 8 50
bee 0.407174 8 50
bee 0.692732 8 50
bee 0.134953 8 50
bee 0.727724 8 50
bee 0.194812 8 50
bee 0.120885 8 50
bee 0.493564 8 50
bee 0.71474 8 55
bee 0.180466 8 55
bee 0.146514 8 55
bee 0.58065 8 55
bee 0.380386 8 55
bee 0.252616 8 55
bee 0.691966 8 55
bee 0.10761 8 55
bee 0.118311 8 55
bee 0.30417 8 55
bee 0.279131 8 60
bee 0.570913 8 60
bee 0.21169 8 60
bee 0.324997 8 60
bee 0.553214 8 60
bee 0.207355 8 60
bee 0.141406 8 60
bee 0.082172 8 60
bee 0.110746 8 60
bee 0.521227 8 60
bee 0.146654 8 65
bee 0.0746876 8 65
bee 0.0704501 8 65
bee 0.172795 8 65
bee 0.0500492 8 65
bee 0.13882 8 65
bee 0.0858369 8 65
bee 0.20983 8 65
bee 0.203065 8 65
bee 0.582271 8 65
bee 0.371318 8 70
bee 0.14764 8 70
bee 0.0532592 8 70
bee 0.0619606 8 70
bee 0.0345125 8 70
bee 0.146087 8 70
bee 0.13394 8 70
bee 0.0825558 8 70
bee 0.0784016 8 70
bee 0.327463 8 70
bee 0.272115 8 75
bee 0.0196265 8 75
bee 0.0430196 8 75
bee 0.0506007 8 75
bee 0.038888 8 75
bee 0.0308286 8 75
bee 0.0922068 8 75
bee 0.0363762 8 75
bee 0.148482 8 75
bee 0.0811546 8 75
bee 0.0642479 8 80
bee 0.0287355 8 80
bee 0.0321395 8 80
bee 0.0729715 8 80
bee 0.0205596 8 80
bee 0.0488206 8 80
bee 0.0252493 8 80
bee 0.0192952 8 80
bee 0.0653644 8 80
bee 0.0450459 8 80
bee 0.0246834 8 85
bee 0.014648 8 85
bee 0.0316718 8 85
bee 0.0451039 8 85
bee 0.0528641 8 85
bee 0.00943485 8 85
bee 0.0321386 8 85
bee 0.0464243 8 85
bee 0.00503139 8 85
bee 0.0567243 8 85
bee 0.0118677 8 90
bee 0.00720206 8 90
bee 0.0313677 8 90
bee 0.00675319 8 90
bee 0.00385221 8 90
bee 0.00467448 8 90
bee 0.00741462 8 90
bee 0.00659101 8 90
bee 0.0149561 8 90
bee 0.0200494 8 90
bee 0.00398688 8 95
bee 0.00214842 8 95
bee 0.00194489 8 95
bee 0.00302612 8 95
bee 0.00254269 8 95
bee 0.00278435 8 95
bee 0.00623747 8 95
bee 0.00268389 8 95
bee 0.00175077 8 95
bee 0.00211578 8 95
bee 0.001 8 100
bee 0.001 8 100
bee 0.001 8 100
bee 0.001 8 100
bee 0.001 8 100
bee 0.001 8 100
bee 0.001 8 100
bee 0.001 8 100
bee 0.001 8 100
bee 0.001 8 100
bee 0.98475 1 0
bee 0.98475 1 0
bee 0.98475 1 0
bee 0.98475 1 0
bee 0.98475 1 0
bee 0.98475 1 0
bee 0.98475 1 0
bee 0.98475 1 0
bee 0.98475 1 0
bee 0.98475 1 0
bee 0.965874 1 5
bee 0.993599 1 5
bee 0.970695 1 5
bee 0.93549 1 5
bee 0.873368 1 5
bee 0.848256 1 5
bee 0.799363 1 5
bee 0.955115 1 5
bee 0.27406 1 5
bee 0.923844 1 5
bee 0.425728 1 10
bee 0.269117 1 10
bee 0.602769 1 10
bee 0.848037 1 10
bee 0.932989 1 10
bee 0.705216 1 10
bee 0.407819 1 10
bee 0.0256244 1 10
bee 0.610472 1 10
bee 0.79455 1 10
bee 0.371192 1 15
bee 0.881668 1 15
bee 0.00452424 1 15
bee 0.0139233 1 15
bee 0.00221655 1 15
bee 0.0740777 1 15
bee 0.662502 1 15
bee 0.0403572 1 15
bee 0.630286 1 15
bee 0.0131104 1 15
bee 0.0127532 1 20
bee 0.000210868 1 20
bee 0.000309457 1 20
bee 0.0297506 1 20
bee 0.110058 1 20
bee 0.000699353 1 20
bee 0.234066 1 20
bee 0.0466008 1 20
bee 0.000294385 1 20
bee 0.045899 1 20
bee 0.00313364 1 25
bee 0 1 25
bee 0.000314916 1 25
bee 0.00208863 1 25
bee 1.49561e-05 1 25
bee 0.00209423 1 25
bee 0.0118202 1 25
bee 0.00491324 1 25
bee 0.0624807 1 25
bee 0.00166298 1 25
bee 0.0596855 1 30
bee 0.000477346 1 30
bee 0.000126 1 30
bee 0.000412589 1 30
bee 0.000395056 1 30
bee 0.000979605 1 30
bee 0.000266646 1 30
bee 0.00119304 1 30
bee 0.00215739 1 30
bee 0.00120009 1 30
bee 1.2966e-05 1 35
bee 0.000543132 1 35
bee 0.0204703 1 35
bee 0.0024188 1 35
bee 1.03142e-05 1 35
bee 2.72546e-06 1 35
bee 7.11043e-05 1 35
bee 0.000662268 1 35
bee 2.30029e-05 1 35
bee 0.000749167 1 35
bee 0.000480194 1 40
bee 0.00081551 1 40
bee 0.000192455 1 40
bee 0.0720072 1 40
bee 0.000715625 1 40
bee 0.000437586 1 40
bee 1.98072e-05 1 40
bee 0.00262145 1 40
bee 0.00028528 1 40
bee 0.000415973 1 40
bee 0.00183141 1 45
bee 1.25716e-05 1 45
bee 0 1 45
bee 0.000118602 1 45
bee 0 1 45
bee 2.04983e-05 1 45
bee 0 1 45
bee 0.0121679 1 45
bee 1.79817e-05 1 45
bee 0.00045579 1 45
bee 3.85624e-05 1 50
bee 0.00052628 1 50
bee 0.000633161 1 50
bee 0.00174977 1 50
bee 1.5504e-06 1 50
bee 0.000198861 1 50
bee 0.000365141 1 50
bee 5.1285e-05 1 50
bee 1.43395e-05 1 50
bee 7.33745e-06 1 50
bee 0.000175124 1 55
bee 2.79725e-05 1 55
bee 0.000401371 1 55
bee 7.18186e-05 1 55
bee 0.00241124 1 55
bee 0.000301319 1 55
bee 0.00171751 1 55
bee 0.000232805 1 55
bee 0.000430696 1 55
bee 0.000363417 1 55
bee 0.000365714 1 60
bee 1.99366e-05 1 60
bee 0.000978681 1 60
bee 0.000309506 1 60
bee 0 1 60
bee 3.28831e-05 1 60
bee 0.000688588 1 60
bee 0.000142852 1 60
bee 2.95368e-05 1 60
bee 5.63276e-05 1 60
bee 0.000223741 1 65
bee 0.000158868 1 65
bee 0.00389956 1 65
bee 0.000392996 1 65
bee 0.000166128 1 65
bee 1.05559e-05 1 65
bee 0.000376165 1 65
bee 2.21614e-05 1 65
bee 3.93861e-06 1 65
bee 9.84801e-06 1 65
bee 0.000107644 1 70
bee 0.000125493 1 70
bee 0.000301451 1 70
bee 0.000261524 1 70
bee 0.000281324 1 70
bee 0.000497754 1 70
bee 0.000863182 1 70
bee 2.14238e-05 1 70
bee 0.000182108 1 70
bee 1.90224e-05 1 70
bee 5.44674e-05 1 75
bee 5.457e-05 1 75
bee 9.32948e-06 1 75
bee 1.49619e-05 1 75
bee 3.30349e-05 1 75
bee 0.000618761 1 75
bee 0.00095268 1 75
bee 0.000126208 1 75
bee 0.000157682 1 75
bee 0.000761547 1 75
bee 0.000519378 1 80
bee 0.000374781 1 80
bee 8.74994e-06 1 80
bee 0.000102328 1 80
bee 0.000181359 1 80
bee 0.000215543 1 80
bee 0.000222948 1 80
bee 9.6149e-06 1 80
bee 0.000131911 1 80
bee 0.000475374 1 80
bee 0.000129547 1 85
bee 0.0003661 1 85
bee 0.00306537 1 85
bee 0.00011996 1 85
bee 5.3883e-05 1 85
bee 6.72761e-05 1 85
bee 0.000292668 1 85
bee 0.00015162 1 85
bee 3.09994e-05 1 85
bee 0.0210526 1 85
bee 7.97305e-05 1 90
bee 4.23152e-05 1 90
bee 5.56352e-05 1 90
bee 0.000210798 1 90
bee 0.00103698 1 90
bee 0.000436612 1 90
bee 0.000155655 1 90
bee 0.000168541 1 90
bee 1.01634e-05 1 90
bee 1.35081e-05 1 90
bee 0.000437398 1 95
bee 8.72694e-06 1 95
bee 1.69015e-05 1 95
bee 1.30934e-05 1 95
bee 0.000242637 1 95
bee 5.40927e-05 1 95
bee 0.000115548 1 95
bee 5.80919e-05 1 95
bee 0.00061025 1 95
bee 0.000496664 1 95
bee 1.07177e-06 1 100
bee 1.07177e-06 1 100
bee 1.07177e-06 1 100
bee 1.07177e-06 1 100
bee 1.07177e-06 1 100
bee 1.07177e-06 1 100
bee 1.07177e-06 1 100
bee 1.07177e-06 1 100
bee 1.07177e-06 1 100
bee 1.07177e-06 1 100
bee 0.98475 2 0
bee 0.98475 2 0
bee 0.98475 2 0
bee 0.98475 2 0
bee 0.98475 2 0
bee 0.98475 2 0
bee 0.98475 2 0
bee 0.98475 2 0
bee 0.98475 2 0
bee 0.98475 2 0
bee 0.987848 2 5
bee 0.9775 2 5
bee 0.987496 2 5
bee 0.985866 2 5
bee 0.984311 2 5
bee 0.981498 2 5
bee 0.985974 2 5
bee 0.97245 2 5
bee 0.982032 2 5
bee 0.987254 2 5
bee 0.971424 2 10
bee 0.95989 2 10
bee 0.878546 2 10
bee 0.966666 2 10
bee 0.98605 2 10
bee 0.971219 2 10
bee 0.967917 2 10
bee 0.980881 2 10
bee 0.95729 2 10
bee 0.975957 2 10
bee 0.865498 2 15
bee 0.910078 2 15
bee 0.972302 2 15
bee 0.988314 2 15
bee 0.907937 2 15
bee 0.960532 2 15
bee 0.922737 2 15
bee 0.892657 2 15
bee 0.972436 2 15
bee 0.949815 2 15
bee 0.997351 2 20
bee 0.944465 2 20
bee 0.926389 2 20
bee 0.939241 2 20
bee 0.978981 2 20
bee 0.960694 2 20
bee 0.977004 2 20
bee 0.794012 2 20
bee 0.965857 2 20
bee 0.846041 2 20
bee 0.925271 2 25
bee 0.953975 2 25
bee 0.930911 2 25
bee 0.899159 2 25
bee 0.905482 2 25
bee 0.966688 2 25
bee 0.80472 2 25
bee 0.1973 2 25
bee 0.844145 2 25
bee 0.875649 2 25
bee 0.751082 2 30
bee 0.960265 2 30
bee 0.943015 2 30
bee 0.643149 2 30
bee 0.882138 2 30
bee 0.721734 2 30
bee 0.974263 2 30
bee 0.907109 2 30
bee 0.93322 2 30
bee 0.442596 2 30
bee 0.915346 2 35
bee 0.263907 2 35
bee 0.980437 2 35
bee 0.976229 2 35
bee 0.924708 2 35
bee 0.874801 2 35
bee 0.953515 2 35
bee 0.481854 2 35
bee 0.784708 2 35
bee 0.857293 2 35
bee 0.637198 2 40
bee 0.29128 2 40
bee 0.962471 2 40
bee 0.245397 2 40
bee 0.927884 2 40
bee 0.829938 2 40
bee 0.972814 2 40
bee 0.93279 2 40
bee 0.0671893 2 40
bee 0.866958 2 40
bee 0.0340246 2 45
bee 0.942424 2 45
bee 0.915945 2 45
bee 0.895844 2 45
bee 0.230901 2 45
bee 0.885643 2 45
bee 0.00183773 2 45
bee 0.180691 2 45
bee 0.551863 2 45
bee 0.509157 2 45
bee 0.881894 2 50
bee 0.742678 2 50
bee 0.582505 2 50
bee 0.716235 2 50
bee 0.804989 2 50
bee 0.00390526 2 50
bee 0.526475 2 50
bee 0.568636 2 50
bee 0.8011 2 50
bee 0.297234 2 50
bee 0.0101385 2 55
bee 0.826021 2 55
bee 0.560737 2 55
bee 0.259574 2 55
bee 0.0156007 2 55
bee 0.291434 2 55
bee 0.100528 2 55
bee 0.0377861 2 55
bee 0.149594 2 55
bee 0.113653 2 55
bee 0.73138 2 60
bee 0.0598984 2 60
bee 0.00183076 2 60
bee 0.019579 2 60
bee 0.0463962 2 60
bee 0.0196781 2 60
bee 0.0485937 2 60
bee 0.000211989 2 60
bee 0.00348665 2 60
bee 0.00530016 2 60
bee 0.618645 2 65
bee 0.556009 2 65
bee 0.000950924 2 65
bee 0.000222386 2 65
bee 0.00257038 2 65
bee 0.00444918 2 65
bee 0.000485014 2 65
bee 0.282824 2 65
bee 0.0931352 2 65
bee 0.00155565 2 65
bee 0.265372 2 70
bee 0.0915073 2 70
bee 0.039597 2 70
bee 0.000694444 2 70
bee 0.000273233 2 70
bee 0.000476379 2 70
bee 0.000103376 2 70
bee 0.00105073 2 70
bee 0.0404528 2 70
bee 0.00119882 2 70
bee 0.00010508 2 75
bee 0.00900121 2 75
bee 0.152347 2 75
bee 0.000119424 2 75
bee 0.00118547 2 75
bee 4.32182e-05 2 75
bee 0.00114668 2 75
bee 0.0183089 2 75
bee 0.000350033 2 75
bee 0.00441458 2 75
bee 0.000170622 2 80
bee 0.000326607 2 80
bee 4.19542e-05 2 80
bee 1.62951e-06 2 80
bee 0.00636423 2 80
bee 0.0929106 2 80
bee 0.00240117 2 80
bee 8.99658e-06 2 80
bee 0 2 80
bee 0.000339606 2 80
bee 4.42186e-05 2 85
bee 2.37732e-05 2 85
bee 0.000155733 2 85
bee 0.000197621 2 85
bee 4.39339e-06 2 85
bee 9.83959e-06 2 85
bee 2.06037e-06 2 85
bee 5.96797e-05 2 85
bee 0.000831751 2 85
bee 0.00782465 2 85
bee 1.19668e-05 2 90
bee 8.68223e-05 2 90
bee 8.05469e-06 2 90
bee 1.07776e-06 2 90
bee 3.62154e-05 2 90
bee 3.04689e-05 2 90
bee 1.74158e-05 2 90
bee 1.18544e-05 2 90
bee 1.5577e-05 2 90
bee 1.08198e-06 2 90
bee 1.07203e-06 2 95
bee 7.03089e-06 2 95
bee 1.06273e-06 2 95
bee 1.09135e-06 2 95
bee 0.000260193 2 95
bee 1.5038e-06 2 95
bee 1.08009e-06 2 95
bee 1.06505e-06 2 95
bee 1.07876e-06 2 95
bee 3.62056e-06 2 95
bee 0.000939166 2 100
bee 0.000939166 2 100
bee 0.000939166 2 100
bee 0.000939166 2 100
bee 0.000939166 2 100
bee 0.000939166 2 100
bee 0.000939166 2 100
bee 0.000939166 2 100
bee 0.000939166 2 100
bee 0.000939166 2 100
bee 0.98475 3 0
bee 0.98475 3 0
bee 0.98475 3 0
bee 0.98475 3 0
bee 0.98475 3 0
bee 0.98475 3 0
bee 0.98475 3 0
bee 0.98475 3 0
bee 0.98475 3 0
bee 0.98475 3 0
bee 0.976087 3 5
bee 0.989676 3 5
bee 0.98401 3 5
bee 0.978529 3 5
bee 0.982984 3 5
bee 0.975653 3 5
bee 0.971215 3 5
bee 0.985551 3 5
bee 0.984037 3 5
bee 0.987818 3 5
bee 0.985733 3 10
bee 0.948568 3 10
bee 0.984499 3 10
bee 0.969183 3 10
bee 0.984068 3 10
bee 0.959209 3 10
bee 0.976507 3 10
bee 0.985347 3 10
bee 0.983255 3 10
bee 0.980558 3 10
bee 0.984978 3 15
bee 0.958904 3 15
bee 0.964938 3 15
bee 0.961753 3 15
bee 0.980387 3 15
bee 0.961842 3 15
bee 0.921219 3 15
bee 0.975222 3 15
bee 0.988793 3 15
bee 0.967043 3 15
bee 0.956358 3 20
bee 0.927952 3 20
bee 0.894136 3 20
bee 0.973493 3 20
bee 0.977738 3 20
bee 0.964189 3 20
bee 0.96957 3 20
bee 0.941991 3 20
bee 0.956612 3 20
bee 0.957219 3 20
bee 0.955925 3 25
bee 0.874112 3 25
bee 0.882655 3 25
bee 0.931078 3 25
bee 0.969862 3 25
bee 0.944805 3 25
bee 0.94377 3 25
bee 0.979225 3 25
bee 0.978563 3 25
bee 0.930264 3 25
bee 0.873144 3 30
bee 0.927904 3 30
bee 0.979483 3 30
bee 0.873095 3 30
bee 0.977686 3 30
bee 0.732838 3 30
bee 0.958475 3 30
bee 0.902705 3 30
bee 0.774826 3 30
bee 0.945478 3 30
bee 0.834683 3 35
bee 0.811508 3 35
bee 0.657105 3 35
bee 0.882743 3 35
bee 0.804795 3 35
bee 0.937752 3 35
bee 0.954789 3 35
bee 0.973203 3 35
bee 0.746333 3 35
bee 0.958408 3 35
bee 0.624051 3 40
bee 0.563507 3 40
bee 0.925508 3 40
bee 0.854593 3 40
bee 0.895193 3 40
bee 0.848055 3 40
bee 0.754679 3 40
bee 0.685056 3 40
bee 0.910494 3 40
bee 0.568943 3 40
bee 0.906731 3 45
bee 0.733088 3 45
bee 0.548219 3 45
bee 0.829725 3 45
bee 0.526591 3 45
bee 0.902183 3 45
bee 0.852326 3 45
bee 0.920249 3 45
bee 0.453365 3 45
bee 0.175208 3 45
bee 0.386815 3 50
bee 0.375899 3 50
bee 0.342948 3 50
bee 0.536119 3 50
bee 0.689338 3 50
bee 0.6598 3 50
bee 0.748518 3 50
bee 0.566231 3 50
bee 0.110041 3 50
bee 0.489345 3 50
bee 0.109552 3 55
bee 0.344171 3 55
bee 0.753925 3 55
bee 0.605316 3 55
bee 0.761186 3 55
bee 0.331634 3 55
bee 0.420601 3 55
bee 0.277343 3 55
bee 0.118738 3 55
bee 0.039851 3 55
bee 0.218245 3 60
bee 0.12364 3 60
bee 0.242522 3 60
bee 0.607432 3 60
bee 0.194033 3 60
bee 0.334103 3 60
bee 0.239195 3 60
bee 0.0704271 3 60
bee 0.0636418 3 60
bee 0.219025 3 60
bee 0.0845274 3 65
bee 0.0642033 3 65
bee 0.0624894 3 65
bee 0.288448 3 65
bee 0.0378019 3 65
bee 0.0907348 3 65
bee 0.0659704 3 65
bee 0.257713 3 65
bee 0.0311803 3 65
bee 0.388647 3 65
bee 0.149372 3 70
bee 0.0667322 3 70
bee 0.0131908 3 70
bee 0.0266535 3 70
bee 0.0391802 3 70
bee 0.0303286 3 70
bee 0.00904757 3 70
bee 0.0471695 3 70
bee 0.0284005 3 70
bee 0.0441274 3 70
bee 0.00190246 3 75
bee 0.0103958 3 75
bee 0.00474503 3 75
bee 0.00143348 3 75
bee 0.00600749 3 75
bee 0.0173528 3 75
bee 0.00584173 3 75
bee 0.00107061 3 75
bee 0.00364146 3 75
bee 0.00130852 3 75
bee 0.000956149 3 80
bee 0.00176765 3 80
bee 0.00197089 3 80
bee 0.000939166 3 80
bee 0.00434832 3 80
bee 0.000949575 3 80
bee 0.00347235 3 80
bee 0.00109194 3 80
bee 0.0013891 3 80
bee 0.00103978 3 80
bee 0.000939166 3 85
bee 0.00110252 3 85
bee 0.000939166 3 85
bee 0.000939166 3 85
bee 0.000939166 3 85
bee 0.000939166 3 85
bee 0.000939166 3 85
bee 0.000939166 3 85
bee 0.000939166 3 85
bee 0.00096656 3 85
bee 0.000939166 3 90
bee 0.000939166 3 90
bee 0.000939166 3 90
bee 0.000939166 3 90
bee 0.000939166 3 90
bee 0.000939166 3 90
bee 0.000939166 3 90
bee 0.000939166 3 90
bee 0.000939166 3 90
bee 0.000939166 3 90
bee 0.000939166 3 95
bee 0.000939166 3 95
bee 0.000939166 3 95
bee 0.000939166 3 95
bee 0.000939166 3 95
bee 0.000939166 3 95
bee 0.000939166 3 95
bee 0.000939166 3 95
bee 0.000939166 3 95
bee 0.000939166 3 95
bee 1.04322e-06 3 100
bee 1.04322e-06 3 100
bee 1.04322e-06 3 100
bee 1.04322e-06 3 100
bee 1.04322e-06 3 100
bee 1.04322e-06 3 100
bee 1.04322e-06 3 100
bee 1.04322e-06 3 100
bee 1.04322e-06 3 100
bee 1.04322e-06 3 100
bee 0.98475 4 0
bee 0.98475 4 0
bee 0.98475 4 0
bee 0.98475 4 0
bee 0.98475 4 0
bee 0.98475 4 0
bee 0.98475 4 0
bee 0.98475 4 0
bee 0.98475 4 0
bee 0.98475 4 0
bee 0.984583 4 5
bee 0.983711 4 5
bee 0.985818 4 5
bee 0.987882 4 5
bee 0.988119 4 5
bee 0.98113 4 5
bee 0.987291 4 5
bee 0.987167 4 5
bee 0.983617 4 5
bee 0.986354 4 5
bee 0.977285 4 10
bee 0.988636 4 10
bee 0.979643 4 10
bee 0.97786 4 10
bee 0.982922 4 10
bee 0.987174 4 10
bee 0.976126 4 10
bee 0.986827 4 10
bee 0.983812 4 10
bee 0.983318 4 10
bee 0.990689 4 15
bee 0.972619 4 15
bee 0.982005 4 15
bee 0.986769 4 15
bee 0.987185 4 15
bee 0.98123 4 15
bee 0.987988 4 15
bee 0.977649 4 15
bee 0.988057 4 15
bee 0.967675 4 15
bee 0.971494 4 20
bee 0.978187 4 20
bee 0.980659 4 20
bee 0.972863 4 20
bee 0.986371 4 20
bee 0.98341 4 20
bee 0.98226 4 20
bee 0.977483 4 20
bee 0.983838 4 20
bee 0.977616 4 20
bee 0.979028 4 25
bee 0.965794 4 25
bee 0.980337 4 25
bee 0.979267 4 25
bee 0.986854 4 25
bee 0.973423 4 25
bee 0.963803 4 25
bee 0.983604 4 25
bee 0.987041 4 25
bee 0.957053 4 25
bee 0.984116 4 30
bee 0.974829 4 30
bee 0.972646 4 30
bee 0.980693 4 30
bee 0.975746 4 30
bee 0.971845 4 30
bee 0.979083 4 30
bee 0.963252 4 30
bee 0.982859 4 30
bee 0.975372 4 30
bee 0.971037 4 35
bee 0.970629 4 35
bee 0.983405 4 35
bee 0.956185 4 35
bee 0.964932 4 35
bee 0.980997 4 35
bee 0.989797 4 35
bee 0.974475 4 35
bee 0.978075 4 35
bee 0.944252 4 35
bee 0.983444 4 40
bee 0.95178 4 40
bee 0.979452 4 40
bee 0.966339 4 40
bee 0.969465 4 40
bee 0.992451 4 40
bee 0.967007 4 40
bee 0.964595 4 40
bee 0.985838 4 40
bee 0.991887 4 40
bee 0.985613 4 45
bee 0.979084 4 45
bee 0.954881 4 45
bee 0.977839 4 45
bee 0.976026 4 45
bee 0.870325 4 45
bee 0.991733 4 45
bee 0.956614 4 45
bee 0.957466 4 45
bee 0.983471 4 45
bee 0.950524 4 50
bee 0.952527 4 50
bee 0.940161 4 50
bee 0.933004 4 50
bee 0.917037 4 50
bee 0.831871 4 50
bee 0.98292 4 50
bee 0.922667 4 50
bee 0.961411 4 50
bee 0.970305 4 50
bee 0.973063 4 55
bee 0.980702 4 55
bee 0.971406 4 55
bee 0.893269 4 55
bee 0.962945 4 55
bee 0.970006 4 55
bee 0.640984 4 55
bee 0.968107 4 55
bee 0.967872 4 55
bee 0.897767 4 55
bee 0.978489 4 60
bee 0.955667 4 60
bee 0.965855 4 60
bee 0.93874 4 60
bee 0.352863 4 60
bee 0.954226 4 60
bee 0.641535 4 60
bee 0.332524 4 60
bee 0.882063 4 60
bee 0.899881 4 60
bee 0.0398633 4 65
bee 0.000363961 4 65
bee 0.0230473 4 65
bee 0.00633017 4 65
bee 0.000542613 4 65
bee 0.00262781 4 65
bee 0.544108 4 65
bee 0.00129226 4 65
bee 0.000579613 4 65
bee 0.0500587 4 65
bee 0.000738644 4 70
bee 3.828e-05 4 70
bee 0.000438014 4 70
bee 0.000817061 4 70
bee 3.83018e-06 4 70
bee 2.08958e-05 4 70
bee 0.0352631 4 70
bee 0.000191996 4 70
bee 3.202e-06 4 70
bee 1.79178e-05 4 70
bee 1.05883e-06 4 75
bee 1.05119e-06 4 75
bee 1.05356e-06 4 75
bee 2.92708e-06 4 75
bee 1.47609e-06 4 75
bee 1.14559e-06 4 75
bee 1.56749e-06 4 75
bee 1.3833e-05 4 75
bee 2.70198e-06 4 75
bee 1.19912e-06 4 75
bee 1.03072e-06 4 80
bee 1.05953e-06 4 80
bee 1.05988e-06 4 80
bee 1.0642e-06 4 80
bee 1.06882e-06 4 80
bee 1.06462e-06 4 80
bee 1.04271e-06 4 80
bee 1.06215e-06 4 80
bee 1.07273e-06 4 80
bee 1.0613e-06 4 80
bee 1.0528e-06 4 85
bee 1.04584e-06 4 85
bee 1.05136e-06 4 85
bee 1.05919e-06 4 85
bee 1.04724e-06 4 85
bee 1.05556e-06 4 85
bee 1.05365e-06 4 85
bee 1.05256e-06 4 85
bee 1.05853e-06 4 85
bee 1.05476e-06 4 85
bee 1.04322e-06 4 90
bee 1.04322e-06 4 90
bee 1.04322e-06 4 90
bee 1.04322e-06 4 90
bee 1.04322e-06 4 90
bee 1.04459e-06 4 90
bee 1.04322e-06 4 90
bee 1.04552e-06 4 90
bee 1.04381e-06 4 90
bee 1.04322e-06 4 90
bee 1.04322e-06 4 95
bee 1.04322e-06 4 95
bee 1.04322e-06 4 95
bee 1.04322e-06 4 95
bee 1.04322e-06 4 95
bee 1.04322e-06 4 95
bee 1.04322e-06 4 95
bee 1.04322e-06 4 95
bee 1.04322e-06 4 95
bee 1.04322e-06 4 95
bee 0.000939166 4 100
bee 0.000939166 4 100
bee 0.000939166 4 100
bee 0.000939166 4 100
bee 0.000939166 4 100
bee 0.000939166 4 100
bee 0.000939166 4 100
bee 0.000939166 4 100
bee 0.000939166 4 100
bee 0.000939166 4 100
bee 0.98475 5 0
bee 0.98475 5 0
bee 0.98475 5 0
bee 0.98475 5 0
bee 0.98475 5 0
bee 0.98475 5 0
bee 0.98475 5 0
bee 0.98475 5 0
bee 0.98475 5 0
bee 0.98475 5 0
bee 0.987632 5 5
bee 0.979621 5 5
bee 0.979561 5 5
bee 0.982662 5 5
bee 0.974762 5 5
bee 0.979865 5 5
bee 0.979255 5 5
bee 0.984419 5 5
bee 0.983789 5 5
bee 0.987891 5 5
bee 0.978095 5 10
bee 0.986652 5 10
bee 0.973226 5 10
bee 0.979173 5 10
bee 0.975178 5 10
bee 0.978142 5 10
bee 0.984167 5 10
bee 0.968925 5 10
bee 0.972351 5 10
bee 0.974654 5 10
bee 0.979971 5 15
bee 0.979444 5 15
bee 0.973806 5 15
bee 0.934762 5 15
bee 0.968471 5 15
bee 0.971677 5 15
bee 0.978339 5 15
bee 0.979869 5 15
bee 0.958306 5 15
bee 0.968301 5 15
bee 0.9685 5 20
bee 0.954908 5 20
bee 0.97523 5 20
bee 0.963241 5 20
bee 0.93966 5 20
bee 0.941542 5 20
bee 0.946797 5 20
bee 0.964519 5 20
bee 0.97536 5 20
bee 0.973811 5 20
bee 0.922724 5 25
bee 0.966802 5 25
bee 0.962616 5 25
bee 0.94818 5 25
bee 0.949645 5 25
bee 0.960253 5 25
bee 0.930178 5 25
bee 0.937443 5 25
bee 0.959878 5 25
bee 0.926517 5 25
bee 0.874169 5 30
bee 0.939565 5 30
bee 0.934322 5 30
bee 0.949453 5 30
bee 0.928859 5 30
bee 0.949139 5 30
bee 0.942911 5 30
bee 0.945559 5 30
bee 0.967924 5 30
bee 0.941936 5 30
bee 0.914352 5 35
bee 0.87518 5 35
bee 0.953629 5 35
bee 0.884055 5 35
bee 0.863104 5 35
bee 0.897081 5 35
bee 0.948869 5 35
bee 0.86109 5 35
bee 0.94332 5 35
bee 0.843583 5 35
bee 0.845477 5 40
bee 0.879384 5 40
bee 0.78728 5 40
bee 0.89465 5 40
bee 0.836089 5 40
bee 0.87033 5 40
bee 0.903965 5 40
bee 0.850238 5 40
bee 0.853881 5 40
bee 0.811752 5 40
bee 0.838165 5 45
bee 0.820052 5 45
bee 0.813185 5 45
bee 0.6809 5 45
bee 0.851934 5 45
bee 0.904884 5 45
bee 0.879863 5 45
bee 0.797942 5 45
bee 0.871657 5 45
bee 0.846135 5 45
bee 0.760298 5 50
bee 0.814268 5 50
bee 0.846109 5 50
bee 0.709431 5 50
bee 0.76101 5 50
bee 0.793999 5 50
bee 0.784039 5 50
bee 0.77701 5 50
bee 0.707698 5 50
bee 0.763774 5 50
bee 0.529076 5 55
bee 0.721896 5 55
bee 0.694913 5 55
bee 0.353778 5 55
bee 0.71343 5 55
bee 0.791424 5 55
bee 0.711952 5 55
bee 0.681999 5 55
bee 0.724188 5 55
bee 0.535398 5 55
bee 0.431829 5 60
bee 0.501946 5 60
bee 0.339302 5 60
bee 0.221512 5 60
bee 0.480921 5 60
bee 0.642859 5 60
bee 0.604342 5 60
bee 0.787023 5 60
bee 0.563838 5 60
bee 0.429226 5 60
bee 0.157657 5 65
bee 0.184198 5 65
bee 0.21165 5 65
bee 0.246883 5 65
bee 0.246775 5 65
bee 0.0792879 5 65
bee 0.287305 5 65
bee 0.100377 5 65
bee 0.215927 5 65
bee 0.612505 5 65
bee 0.071536 5 70
bee 0.181571 5 70
bee 0.062109 5 70
bee 0.295874 5 70
bee 0.146261 5 70
bee 0.0594447 5 70
bee 0.120063 5 70
bee 0.401155 5 70
bee 0.0956987 5 70
bee 0.156759 5 70
bee 0.0162269 5 75
bee 0.00718071 5 75
bee 0.0351703 5 75
bee 0.0110518 5 75
bee 0.0066498 5 75
bee 0.00710504 5 75
bee 0.024544 5 75
bee 0.0612176 5 75
bee 0.0180922 5 75
bee 0.0163735 5 75
bee 0.00630399 5 80
bee 0.00526774 5 80
bee 0.00251369 5 80
bee 0.00118838 5 80
bee 0.00130423 5 80
bee 0.00403423 5 80
bee 0.00461567 5 80
bee 0.0047307 5 80
bee 0.000975754 5 80
bee 0.00233483 5 80
bee 0.000939166 5 85
bee 0.000980346 5 85
bee 0.000939166 5 85
bee 0.000939166 5 85
bee 0.000939166 5 85
bee 0.000939166 5 85
bee 0.000939166 5 85
bee 0.000939166 5 85
bee 0.000939166 5 85
bee 0.000939166 5 85
bee 0.000939166 5 90
bee 0.000939166 5 90
bee 0.000939166 5 90
bee 0.000939166 5 90
bee 0.000939166 5 90
bee 0.000939166 5 90
bee 0.000939166 5 90
bee 0.000939166 5 90
bee 0.000939166 5 90
bee 0.000939166 5 90
bee 0.000939166 5 95
bee 0.000939166 5 95
bee 0.000939166 5 95
bee 0.000939166 5 95
bee 0.000939166 5 95
bee 0.000939166 5 95
bee 0.000939166 5 95
bee 0.000939166 5 95
bee 0.000939166 5 95
bee 0.000939166 5 95
bee 1.04322e-06 5 100
bee 1.04322e-06 5 100
bee 1.04322e-06 5 100
bee 1.04322e-06 5 100
bee 1.04322e-06 5 100
bee 1.04322e-06 5 100
bee 1.04322e-06 5 100
bee 1.04322e-06 5 100
bee 1.04322e-06 5 100
bee 1.04322e-06 5 100
bee 0.98475 6 0
bee 0.98475 6 0
bee 0.98475 6 0
bee 0.98475 6 0
bee 0.98475 6 0
bee 0.98475 6 0
bee 0.98475 6 0
bee 0.98475 6 0
bee 0.98475 6 0
bee 0.98475 6 0
bee 0.988102 6 5
bee 0.983805 6 5
bee 0.980918 6 5
bee 0.985953 6 5
bee 0.985614 6 5
bee 0.987821 6 5
bee 0.989438 6 5
bee 0.983177 6 5
bee 0.982878 6 5
bee 0.986726 6 5
bee 0.989418 6 10
bee 0.987553 6 10
bee 0.984247 6 10
bee 0.986614 6 10
bee 0.988373 6 10
bee 0.986019 6 10
bee 0.987744 6 10
bee 0.989863 6 10
bee 0.98681 6 10
bee 0.988343 6 10
bee 0.971699 6 15
bee 0.984279 6 15
bee 0.984832 6 15
bee 0.98379 6 15
bee 0.983064 6 15
bee 0.984188 6 15
bee 0.982545 6 15
bee 0.979785 6 15
bee 0.990772 6 15
bee 0.985017 6 15
bee 0.968295 6 20
bee 0.985823 6 20
bee 0.970698 6 20
bee 0.982593 6 20
bee 0.985693 6 20
bee 0.978258 6 20
bee 0.981737 6 20
bee 0.989831 6 20
bee 0.973919 6 20
bee 0.982876 6 20
bee 0.97346 6 25
bee 0.950077 6 25
bee 0.981124 6 25
bee 0.967603 6 25
bee 0.978832 6 25
bee 0.97153 6 25
bee 0.980441 6 25
bee 0.980169 6 25
bee 0.980551 6 25
bee 0.965446 6 25
bee 0.968621 6 30
bee 0.973232 6 30
bee 0.990155 6 30
bee 0.981181 6 30
bee 0.98968 6 30
bee 0.988191 6 30
bee 0.984129 6 30
bee 0.977416 6 30
bee 0.993754 6 30
bee 0.986504 6 30
bee 0.978546 6 35
bee 0.979432 6 35
bee 0.964736 6 35
bee 0.973449 6 35
bee 0.986462 6 35
bee 0.973663 6 35
bee 0.973063 6 35
bee 0.984857 6 35
bee 0.984629 6 35
bee 0.983087 6 35
bee 0.975908 6 40
bee 0.968199 6 40
bee 0.962506 6 40
bee 0.973408 6 40
bee 0.986044 6 40
bee 0.981847 6 40
bee 0.982814 6 40
bee 0.986548 6 40
bee 0.95915 6 40
bee 0.967485 6 40
bee 0.990513 6 45
bee 0.954874 6 45
bee 0.963856 6 45
bee 0.987076 6 45
bee 0.944142 6 45
bee 0.956094 6 45
bee 0.978669 6 45
bee 0.968403 6 45
bee 0.967905 6 45
bee 0.982503 6 45
bee 0.98517 6 50
bee 0.895355 6 50
bee 0.974821 6 50
bee 0.990459 6 50
bee 0.970406 6 50
bee 0.967763 6 50
bee 0.967362 6 50
bee 0.984681 6 50
bee 0.974898 6 50
bee 0.970736 6 50
bee 0.992049 6 55
bee 0.955915 6 55
bee 0.956212 6 55
bee 0.981167 6 55
bee 0.959763 6 55
bee 0.977819 6 55
bee 0.979233 6 55
bee 0.961626 6 55
bee 0.979132 6 55
bee 0.992927 6 55
bee 0.887617 6 60
bee 0.906829 6 60
bee 0.920499 6 60
bee 0.936757 6 60
bee 0.992262 6 60
bee 0.991151 6 60
bee 0.970689 6 60
bee 0.984343 6 60
bee 0.845049 6 60
bee 0.971371 6 60
bee 0.983661 6 65
bee 0.680545 6 65
bee 0.93789 6 65
bee 0.884903 6 65
bee 0.974285 6 65
bee 0.974184 6 65
bee 0.976313 6 65
bee 0.963533 6 65
bee 0.963437 6 65
bee 0.96014 6 65
bee 0.833467 6 70
bee 0.461155 6 70
bee 0.871656 6 70
bee 0.885932 6 70
bee 0.938781 6 70
bee 0.601009 6 70
bee 0.0812074 6 70
bee 0.789647 6 70
bee 0.861674 6 70
bee 0.882655 6 70
bee 0.116202 6 75
bee 0.350037 6 75
bee 0.00451296 6 75
bee 0.0204406 6 75
bee 0.00422135 6 75
bee 0.0146785 6 75
bee 0.00440958 6 75
bee 0.0585016 6 75
bee 0.000574881 6 75
bee 0.0138727 6 75
bee 5.17985e-05 6 80
bee 7.96351e-05 6 80
bee 0.000267411 6 80
bee 0.00232755 6 80
bee 1.29055e-05 6 80
bee 0.000100916 6 80
bee 6.71077e-06 6 80
bee 0.000176622 6 80
bee 5.13344e-05 6 80
bee 0.000602578 6 80
bee 1.51682e-06 6 85
bee 2.1179e-06 6 85
bee 2.56582e-06 6 85
bee 1.90012e-05 6 85
bee 1.48923e-06 6 85
bee 1.82955e-06 6 85
bee 2.20854e-06 6 85
bee 4.68656e-06 6 85
bee 1.21541e-05 6 85
bee 1.68996e-06 6 85
bee 1.18849e-06 6 90
bee 1.04358e-06 6 90
bee 1.03447e-06 6 90
bee 1.17068e-06 6 90
bee 1.16836e-06 6 90
bee 1.18695e-06 6 90
bee 2.02068e-06 6 90
bee 1.17958e-06 6 90
bee 1.0349e-06 6 90
bee 1.44933e-06 6 90
bee 1.04818e-06 6 95
bee 1.04781e-06 6 95
bee 1.03304e-06 6 95
bee 1.04892e-06 6 95
bee 1.04135e-06 6 95
bee 1.07645e-06 6 95
bee 1.04322e-06 6 95
bee 1.0416e-06 6 95
bee 1.04322e-06 6 95
bee 1.03564e-06 6 95
bee 0.000939166 6 100
bee 0.000939166 6 100
bee 0.000939166 6 100
bee 0.000939166 6 100
bee 0.000939166 6 100
bee 0.000939166 6 100
bee 0.000939166 6 100
bee 0.000939166 6 100
bee 0.000939166 6 100
bee 0.000939166 6 100
bee 0.98475 7 0
bee 0.98475 7 0
bee 0.98475 7 0
bee 0.98475 7 0
bee 0.98475 7 0
bee 0.98475 7 0
bee 0.98475 7 0
bee 0.98475 7 0
bee 0.98475 7 0
bee 0.98475 7 0
bee 0.978213 7 5
bee 0.981976 7 5
bee 0.984541 7 5
bee 0.976973 7 5
bee 0.980901 7 5
bee 0.98499 7 5
bee 0.979679 7 5
bee 0.976856 7 5
bee 0.979216 7 5
bee 0.98276 7 5
bee 0.983277 7 10
bee 0.980095 7 10
bee 0.977439 7 10
bee 0.972942 7 10
bee 0.977315 7 10
bee 0.976037 7 10
bee 0.979841 7 10
bee 0.971571 7 10
bee 0.97319 7 10
bee 0.978384 7 10
bee 0.977741 7 15
bee 0.976078 7 15
bee 0.971826 7 15
bee 0.97006 7 15
bee 0.976333 7 15
bee 0.967789 7 15
bee 0.982461 7 15
bee 0.973866 7 15
bee 0.978083 7 15
bee 0.97619 7 15
bee 0.975966 7 20
bee 0.968038 7 20
bee 0.975075 7 20
bee 0.962524 7 20
bee 0.975871 7 20
bee 0.9722 7 20
bee 0.950039 7 20
bee 0.981965 7 20
bee 0.959288 7 20
bee 0.971066 7 20
bee 0.961871 7 25
bee 0.95133 7 25
bee 0.939594 7 25
bee 0.95895 7 25
bee 0.974837 7 25
bee 0.942223 7 25
bee 0.949033 7 25
bee 0.964037 7 25
bee 0.956283 7 25
bee 0.969444 7 25
bee 0.916613 7 30
bee 0.930642 7 30
bee 0.941491 7 30
bee 0.974084 7 30
bee 0.94262 7 30
bee 0.939209 7 30
bee 0.941828 7 30
bee 0.952127 7 30
bee 0.923106 7 30
bee 0.946582 7 30
bee 0.951147 7 35
bee 0.942828 7 35
bee 0.949484 7 35
bee 0.94054 7 35
bee 0.952383 7 35
bee 0.924933 7 35
bee 0.911082 7 35
bee 0.866161 7 35
bee 0.925608 7 35
bee 0.933859 7 35
bee 0.9306 7 40
bee 0.927521 7 40
bee 0.884474 7 40
bee 0.92513 7 40
bee 0.886778 7 40
bee 0.9099 7 40
bee 0.915877 7 40
bee 0.918094 7 40
bee 0.939728 7 40
bee 0.933006 7 40
bee 0.919984 7 45
bee 0.892573 7 45
bee 0.920613 7 45
bee 0.910358 7 45
bee 0.865157 7 45
bee 0.928405 7 45
bee 0.92321 7 45
bee 0.919902 7 45
bee 0.892528 7 45
bee 0.885502 7 45
bee 0.870679 7 50
bee 0.852548 7 50
bee 0.858843 7 50
bee 0.826269 7 50
bee 0.870443 7 50
bee 0.901988 7 50
bee 0.830775 7 50
bee 0.872721 7 50
bee 0.795489 7 50
bee 0.915532 7 50
bee 0.852497 7 55
bee 0.83951 7 55
bee 0.841632 7 55
bee 0.783572 7 55
bee 0.812646 7 55
bee 0.840026 7 55
bee 0.815269 7 55
bee 0.838578 7 55
bee 0.847979 7 55
bee 0.82108 7 55
bee 0.773057 7 60
bee 0.734367 7 60
bee 0.703302 7 60
bee 0.777832 7 60
bee 0.668778 7 60
bee 0.782496 7 60
bee 0.765574 7 60
bee 0.691962 7 60
bee 0.708439 7 60
bee 0.811377 7 60
bee 0.566021 7 65
bee 0.779048 7 65
bee 0.550897 7 65
bee 0.67441 7 65
bee 0.66086 7 65
bee 0.748477 7 65
bee 0.690979 7 65
bee 0.786697 7 65
bee 0.673569 7 65
bee 0.674857 7 65
bee 0.706165 7 70
bee 0.506283 7 70
bee 0.538659 7 70
bee 0.539706 7 70
bee 0.468298 7 70
bee 0.518598 7 70
bee 0.606019 7 70
bee 0.558944 7 70
bee 0.495576 7 70
bee 0.624587 7 70
bee 0.43824 7 75
bee 0.47045 7 75
bee 0.55477 7 75
bee 0.408013 7 75
bee 0.414049 7 75
bee 0.302509 7 75
bee 0.391373 7 75
bee 0.418621 7 75
bee 0.469958 7 75
bee 0.385819 7 75
bee 0.234907 7 80
bee 0.256082 7 80
bee 0.25682 7 80
bee 0.204219 7 80
bee 0.232571 7 80
bee 0.201442 7 80
bee 0.260325 7 80
bee 0.272479 7 80
bee 0.259154 7 80
bee 0.232203 7 80
bee 0.121992 7 85
bee 0.129598 7 85
bee 0.0487231 7 85
bee 0.0900258 7 85
bee 0.154496 7 85
bee 0.0551283 7 85
bee 0.137293 7 85
bee 0.130769 7 85
bee 0.119551 7 85
bee 0.0840456 7 85
bee 0.0310661 7 90
bee 0.0232979 7 90
bee 0.0129922 7 90
bee 0.0335303 7 90
bee 0.0304642 7 90
bee 0.0271142 7 90
bee 0.0279499 7 90
bee 0.0354853 7 90
bee 0.0238246 7 90
bee 0.0363797 7 90
bee 0.00578403 7 95
bee 0.00928564 7 95
bee 0.00569838 7 95
bee 0.00667434 7 95
bee 0.00581759 7 95
bee 0.00594964 7 95
bee 0.00645111 7 95
bee 0.00511394 7 95
bee 0.00397531 7 95
bee 0.0064847 7 95
bee 1.04322e-06 7 100
bee 1.04322e-06 7 100
bee 1.04322e-06 7 100
bee 1.04322e-06 7 100
bee 1.04322e-06 7 100
bee 1.0452e-06 7 100
bee 1.04322e-06 7 100
bee 1.04322e-06 7 100
bee 1.04322e-06 7 100
bee 1.04322e-06 7 100
bee 0.98475 8 0
bee 0.98475 8 0
bee 0.98475 8 0
bee 0.98475 8 0
bee 0.98475 8 0
bee 0.98475 8 0
bee 0.98475 8 0
bee 0.98475 8 0
bee 0.98475 8 0
bee 0.98475 8 0
bee 0.986028 8 5
bee 0.984763 8 5
bee 0.983133 8 5
bee 0.984438 8 5
bee 0.984709 8 5
bee 0.98619 8 5
bee 0.982309 8 5
bee 0.981918 8 5
bee 0.984584 8 5
bee 0.986085 8 5
bee 0.980831 8 10
bee 0.9796 8 10
bee 0.986997 8 10
bee 0.984985 8 10
bee 0.981466 8 10
bee 0.984011 8 10
bee 0.985243 8 10
bee 0.982248 8 10
bee 0.985332 8 10
bee 0.967221 8 10
bee 0.980063 8 15
bee 0.9807 8 15
bee 0.985721 8 15
bee 0.976782 8 15
bee 0.982053 8 15
bee 0.980276 8 15
bee 0.987504 8 15
bee 0.984395 8 15
bee 0.978588 8 15
bee 0.98593 8 15
bee 0.979365 8 20
bee 0.973998 8 20
bee 0.981832 8 20
bee 0.978779 8 20
bee 0.977501 8 20
bee 0.970153 8 20
bee 0.978086 8 20
bee 0.979009 8 20
bee 0.982766 8 20
bee 0.976911 8 20
bee 0.973411 8 25
bee 0.979537 8 25
bee 0.980089 8 25
bee 0.972133 8 25
bee 0.974758 8 25
bee 0.970221 8 25
bee 0.97271 8 25
bee 0.979447 8 25
bee 0.978536 8 25
bee 0.976242 8 25
bee 0.970974 8 30
bee 0.974741 8 30
bee 0.982715 8 30
bee 0.974074 8 30
bee 0.970845 8 30
bee 0.969897 8 30
bee 0.977753 8 30
bee 0.977218 8 30
bee 0.981189 8 30
bee 0.969605 8 30
bee 0.974964 8 35
bee 0.976283 8 35
bee 0.953797 8 35
bee 0.952596 8 35
bee 0.973573 8 35
bee 0.976028 8 35
bee 0.974482 8 35
bee 0.965452 8 35
bee 0.968107 8 35
bee 0.970085 8 35
bee 0.967815 8 40
bee 0.968113 8 40
bee 0.986211 8 40
bee 0.928197 8 40
bee 0.937041 8 40
bee 0.952238 8 40
bee 0.975324 8 40
bee 0.977213 8 40
bee 0.959996 8 40
bee 0.934978 8 40
bee 0.948426 8 45
bee 0.965782 8 45
bee 0.958679 8 45
bee 0.965965 8 45
bee 0.947322 8 45
bee 0.950541 8 45
bee 0.956666 8 45
bee 0.958938 8 45
bee 0.943402 8 45
bee 0.949669 8 45
bee 0.964138 8 50
bee 0.960388 8 50
bee 0.963092 8 50
bee 0.955855 8 50
bee 0.938622 8 50
bee 0.959867 8 50
bee 0.975257 8 50
bee 0.956073 8 50
bee 0.963352 8 50
bee 0.915234 8 50
bee 0.927578 8 55
bee 0.925213 8 55
bee 0.931616 8 55
bee 0.903684 8 55
bee 0.957746 8 55
bee 0.935764 8 55
bee 0.964032 8 55
bee 0.909859 8 55
bee 0.918339 8 55
bee 0.952065 8 55
bee 0.88855 8 60
bee 0.914288 8 60
bee 0.824148 8 60
bee 0.949512 8 60
bee 0.861313 8 60
bee 0.894418 8 60
bee 0.925375 8 60
bee 0.875275 8 60
bee 0.925724 8 60
bee 0.923719 8 60
bee 0.874782 8 65
bee 0.829422 8 65
bee 0.908125 8 65
bee 0.899954 8 65
bee 0.868981 8 65
bee 0.910257 8 65
bee 0.878075 8 65
bee 0.883773 8 65
bee 0.883086 8 65
bee 0.875266 8 65
bee 0.842315 8 70
bee 0.770631 8 70
bee 0.857639 8 70
bee 0.75651 8 70
bee 0.737356 8 70
bee 0.765633 8 70
bee 0.768106 8 70
bee 0.646632 8 70
bee 0.710026 8 70
bee 0.859734 8 70
bee 0.647851 8 75
bee 0.565344 8 75
bee 0.736245 8 75
bee 0.771107 8 75
bee 0.794613 8 75
bee 0.593834 8 75
bee 0.670013 8 75
bee 0.716902 8 75
bee 0.645736 8 75
bee 0.668777 8 75
bee 0.548931 8 80
bee 0.535251 8 80
bee 0.59924 8 80
bee 0.48567 8 80
bee 0.51291 8 80
bee 0.438649 8 80
bee 0.572398 8 80
bee 0.535884 8 80
bee 0.453287 8 80
bee 0.579465 8 80
bee 0.148124 8 85
bee 0.192188 8 85
bee 0.202661 8 85
bee 0.199421 8 85
bee 0.142145 8 85
bee 0.162887 8 85
bee 0.160457 8 85
bee 0.186298 8 85
bee 0.23691 8 85
bee 0.213617 8 85
bee 0.0206658 8 90
bee 0.0573853 8 90
bee 0.0269634 8 90
bee 0.0422794 8 90
bee 0.0361998 8 90
bee 0.0673705 8 90
bee 0.0329863 8 90
bee 0.0434603 8 90
bee 0.0626323 8 90
bee 0.0375998 8 90
bee 0.00626375 8 95
bee 0.00714665 8 95
bee 0.00600404 8 95
bee 0.0044493 8 95
bee 0.00507846 8 95
bee 0.00589975 8 95
bee 0.00814725 8 95
bee 0.00891847 8 95
bee 0.00876506 8 95
bee 0.00527862 8 95
bee 0.000939166 8 100
bee 0.000939166 8 100
bee 0.000939166 8 100
bee 0.000939166 8 100
bee 0.000939166 8 100
bee 0.000939166 8 100
bee 0.000939166 8 100
bee 0.000939166 8 100
bee 0.000939166 8 100
bee 0.000939166 8 100
bee 0.98475 9 0
bee 0.98475 9 0
bee 0.98475 9 0
bee 0.98475 9 0
bee 0.98475 9 0
bee 0.98475 9 0
bee 0.98475 9 0
bee 0.98475 9 0
bee 0.98475 9 0
bee 0.98475 9 0
bee 0.974867 9 5
bee 0.973059 9 5
bee 0.953403 9 5
bee 0.96898 9 5
bee 0.990503 9 5
bee 0.984561 9 5
bee 0.988951 9 5
bee 0.99565 9 5
bee 0.941423 9 5
bee 0.98446 9 5
bee 0.922694 9 10
bee 0.874754 9 10
bee 0.994337 9 10
bee 0.952164 9 10
bee 0.963796 9 10
bee 0.993062 9 10
bee 0.983589 9 10
bee 0.983424 9 10
bee 0.984653 9 10
bee 0.977246 9 10
bee 0.958448 9 15
bee 0.982275 9 15
bee 0.946811 9 15
bee 0.990551 9 15
bee 0.968975 9 15
bee 0.990188 9 15
bee 0.957505 9 15
bee 0.980767 9 15
bee 0.988249 9 15
bee 0.968986 9 15
bee 0.916939 9 20
bee 0.981306 9 20
bee 0.90857 9 20
bee 0.982317 9 20
bee 0.936249 9 20
bee 0.803667 9 20
bee 0.95165 9 20
bee 0.975459 9 20
bee 0.904268 9 20
bee 0.813277 9 20
bee 0.984401 9 25
bee 0.941577 9 25
bee 0.846935 9 25
bee 0.951518 9 25
bee 0.904128 9 25
bee 0.958083 9 25
bee 0.84103 9 25
bee 0.944789 9 25
bee 0.933441 9 25
bee 0.946277 9 25
bee 0.945776 9 30
bee 0.770983 9 30
bee 0.973725 9 30
bee 0.969392 9 30
bee 0.906904 9 30
bee 0.942792 9 30
bee 0.871127 9 30
bee 0.971397 9 30
bee 0.92449 9 30
bee 0.947294 9 30
bee 0.864258 9 35
bee 0.990353 9 35
bee 0.348108 9 35
bee 0.797885 9 35
bee 0.97797 9 35
bee 0.868579 9 35
bee 0.96418 9 35
bee 0.820721 9 35
bee 0.775336 9 35
bee 0.819893 9 35
bee 0.819364 9 40
bee 0.943345 9 40
bee 0.925383 9 40
bee 0.961413 9 40
bee 0.879195 9 40
bee 0.96681 9 40
bee 0.941964 9 40
bee 0.965008 9 40
bee 0.867694 9 40
bee 0.791526 9 40
bee 0.855362 9 45
bee 0.76633 9 45
bee 0.944304 9 45
bee 0.909211 9 45
bee 0.95453 9 45
bee 0.741544 9 45
bee 0.864057 9 45
bee 0.882443 9 45
bee 0.778077 9 45
bee 0.891482 9 45
bee 0.823433 9 50
bee 0.868728 9 50
bee 0.625171 9 50
bee 0.955792 9 50
bee 0.926141 9 50
bee 0.499342 9 50
bee 0.976907 9 50
bee 0.588124 9 50
bee 0.902004 9 50
bee 0.849285 9 50
bee 0.376133 9 55
bee 0.566794 9 55
bee 0.844446 9 55
bee 0.894985 9 55
bee 0.862031 9 55
bee 0.674794 9 55
bee 0.25395 9 55
bee 0.88458 9 55
bee 0.761229 9 55
bee 0.538489 9 55
bee 0.486827 9 60
bee 0.327843 9 60
bee 0.800279 9 60
bee 0.635107 9 60
bee 0.910587 9 60
bee 0.363015 9 60
bee 0.835517 9 60
bee 0.483992 9 60
bee 0.427348 9 60
bee 0.96023 9 60
bee 0.450473 9 65
bee 0.641395 9 65
bee 0.549259 9 65
bee 0.297748 9 65
bee 0.673717 9 65
bee 0.436815 9 65
bee 0.689802 9 65
bee 0.714784 9 65
bee 0.57825 9 65
bee 0.367707 9 65
bee 0.293186 9 70
bee 0.321273 9 70
bee 0.153434 9 70
bee 0.568168 9 70
bee 0.520506 9 70
bee 0.410333 9 70
bee 0.513278 9 70
bee 0.499697 9 70
bee 0.412394 9 70
bee 0.129174 9 70
bee 0.0729628 9 75
bee 0.262909 9 75
bee 0.511966 9 75
bee 0.121454 9 75
bee 0.0487073 9 75
bee 0.246697 9 75
bee 0.178347 9 75
bee 0.119873 9 75
bee 0.158545 9 75
bee 0.156464 9 75
bee 0.121401 9 80
bee 0.0247911 9 80
bee 0.0483436 9 80
bee 0.152449 9 80
bee 0.121493 9 80
bee 0.0591927 9 80
bee 0.0306316 9 80
bee 0.206625 9 80
bee 0.361837 9 80
bee 0.117939 9 80
bee 0.113416 9 85
bee 0.0602699 9 85
bee 0.0556603 9 85
bee 0.0365137 9 85
bee 0.0269415 9 85
bee 0.0280341 9 85
bee 0.0619588 9 85
bee 0.0192072 9 85
bee 0.0616355 9 85
bee 0.0224253 9 85
bee 0.0187352 9 90
bee 0.0117651 9 90
bee 0.0112136 9 90
bee 0.013735 9 90
bee 0.0103333 9 90
bee 0.0155342 9 90
bee 0.0229719 9 90
bee 0.0056822 9 90
bee 0.0128385 9 90
bee 0.0135251 9 90
bee 0.00250343 9 95
bee 0.00414908 9 95
bee 0.0034436 9 95
bee 0.00416695 9 95
bee 0.0047028 9 95
bee 0.00383572 9 95
bee 0.00446389 9 95
bee 0.00165646 9 95
bee 0.00245175 9 95
bee 0.00352606 9 95
bee 0.001 9 100
bee 0.001 9 100
bee 0.001 9 100
bee 0.001 9 100
bee 0.001 9 100
bee 0.001 9 100
bee 0.001 9 100
bee 0.001 9 100
bee 0.001 9 100
bee 0.001 9 100
